,pos_X,pos_Y
0,552,699
1,552,699
2,552,699
3,552,699
4,552,699
5,552,699
6,552,699
7,552,699
8,552,699
9,552,699
10,552,699
11,552,699
12,552,699
13,552,699
14,552,699
15,552,699
16,552,699
17,550,698
18,548,697
19,545,696
20,539,695
21,530,696
22,521,698
23,512,700
24,503,701
25,494,703
26,485,705
27,476,706
28,467,707
29,462,706
30,459,705
31,456,704
32,454,704
33,452,704
34,450,703
35,448,702
36,446,701
37,444,700
38,442,699
39,439,698
40,437,697
41,435,696
42,432,695
43,429,694
44,426,693
45,423,692
46,421,691
47,417,690
48,413,689
49,409,688
50,405,687
51,401,686
52,397,685
53,392,684
54,387,683
55,383,682
56,379,681
57,377,680
58,375,679
59,375,679
60,376,681
61,377,683
62,377,683
63,377,683
64,377,683
65,377,683
66,377,683
67,377,683
68,377,683
69,377,683
70,377,683
71,377,683
72,377,683
73,377,683
74,377,683
75,377,683
76,377,683
77,377,683
78,377,683
79,386,685
80,395,687
81,404,689
82,413,691
83,422,694
84,430,697
85,438,699
86,446,701
87,454,703
88,462,704
89,470,705
90,477,705
91,484,705
92,491,705
93,498,705
94,511,704
95,524,703
96,537,702
97,544,702
98,550,701
99,556,700
100,562,699
101,569,699
102,575,698
103,581,698
104,587,698
105,593,698
106,600,698
107,607,698
108,613,698
109,619,698
110,625,698
111,631,697
112,638,697
113,645,697
114,651,696
115,657,696
116,663,696
117,669,696
118,675,696
119,682,696
120,689,696
121,696,696
122,703,695
123,710,694
124,720,696
125,730,699
126,740,702
127,750,705
128,760,707
129,770,710
130,780,713
131,790,715
132,797,714
133,804,713
134,810,712
135,816,711
136,822,710
137,829,710
138,836,709
139,843,709
140,850,709
141,857,709
142,863,708
143,869,707
144,875,706
145,881,705
146,887,704
147,894,704
148,901,704
149,908,704
150,915,703
151,922,702
152,929,701
153,936,701
154,943,701
155,949,700
156,955,699
157,961,698
158,967,697
159,973,696
160,979,695
161,985,694
162,992,694
163,999,694
164,1006,694
165,1013,693
166,1020,692
167,1027,692
168,1034,691
169,1041,690
170,1048,690
171,1055,689
172,1062,688
173,1069,687
174,1076,686
175,1083,685
176,1090,685
177,1097,685
178,1097,685
179,1097,685
180,1105,688
181,1110,688
182,1113,688
183,1116,688
184,1119,688
185,1122,688
186,1125,688
187,1123,690
188,1121,692
189,1119,694
190,1119,694
191,1133,690
192,1154,686
193,1175,682
194,1175,682
195,1175,682
196,1175,682
197,1175,682
198,1175,682
199,1175,682
200,1175,682
201,1175,682
202,1174,679
203,1173,676
204,1172,673
205,1171,670
206,1170,667
207,1169,664
208,1168,661
209,1167,658
210,1166,655
211,1165,652
212,1164,649
213,1163,646
214,1162,643
215,1161,641
216,1160,639
217,1159,637
218,1158,635
219,1157,633
220,1156,631
221,1155,629
222,1154,627
223,1153,625
224,1152,623
225,1151,621
226,1150,619
227,1150,617
228,1150,615
229,1150,613
230,1150,611
231,1150,609
232,1150,607
233,1150,605
234,1150,603
235,1150,601
236,1150,599
237,1150,596
238,1150,593
239,1150,590
240,1150,587
241,1150,584
242,1150,581
243,1150,578
244,1149,575
245,1148,572
246,1148,569
247,1147,566
248,1147,563
249,1147,560
250,1147,557
251,1147,554
252,1147,551
253,1147,548
254,1147,545
255,1147,542
256,1147,539
257,1147,536
258,1147,533
259,1147,530
260,1147,527
261,1147,524
262,1147,521
263,1147,518
264,1147,516
265,1147,514
266,1147,511
267,1147,509
268,1147,507
269,1147,505
270,1147,503
271,1147,501
272,1147,499
273,1147,499
274,1147,497
275,1147,495
276,1147,495
277,1147,493
278,1147,491
279,1147,489
280,1147,487
281,1147,487
282,1147,487
283,1146,485
284,1143,483
285,1140,481
286,1137,479
287,1134,477
288,1132,475
289,1130,473
290,1128,471
291,1126,469
292,1124,467
293,1122,465
294,1120,463
295,1118,461
296,1116,459
297,1114,457
298,1112,455
299,1112,453
300,1112,452
301,1112,451
302,1112,449
303,1112,448
304,1112,448
305,1112,448
306,1112,448
307,1112,448
308,1112,448
309,1112,445
310,1112,442
311,1112,439
312,1112,436
313,1112,436
314,1112,436
315,1112,436
316,1113,433
317,1114,430
318,1115,427
319,1116,425
320,1117,423
321,1118,421
322,1119,418
323,1122,413
324,1125,408
325,1129,402
326,1133,396
327,1137,390
328,1141,384
329,1145,378
330,1149,372
331,1153,366
332,1157,360
333,1161,354
334,1165,348
335,1169,342
336,1173,336
337,1177,330
338,1178,327
339,1178,327
340,1178,324
341,1178,321
342,1178,321
343,1178,321
344,1178,321
345,1178,321
346,1178,321
347,1178,321
348,1178,321
349,1179,318
350,1180,315
351,1181,313
352,1181,313
353,1181,313
354,1181,313
355,1181,313
356,1181,313
357,1181,313
358,1181,313
359,1181,313
360,1181,313
361,1181,313
362,1181,313
363,1182,311
364,1183,309
365,1183,309
366,1183,309
367,1183,309
368,1183,309
369,1183,309
370,1183,309
371,1183,309
372,1183,309
373,1183,309
374,1183,309
375,1184,307
376,1184,307
377,1184,307
378,1184,307
379,1184,305
380,1184,303
381,1184,301
382,1184,299
383,1184,297
384,1184,297
385,1184,297
386,1185,295
387,1186,293
388,1187,291
389,1188,289
390,1189,287
391,1189,287
392,1189,287
393,1189,287
394,1189,287
395,1189,287
396,1189,287
397,1189,287
398,1189,287
399,1189,287
400,1189,287
401,1189,287
402,1190,286
403,1191,284
404,1192,282
405,1193,279
406,1194,276
407,1194,274
408,1194,271
409,1194,268
410,1194,265
411,1194,262
412,1194,260
413,1194,258
414,1194,256
415,1194,254
416,1194,252
417,1194,250
418,1194,248
419,1194,246
420,1194,244
421,1194,242
422,1194,240
423,1194,238
424,1194,237
425,1194,237
426,1194,237
427,1194,237
428,1194,237
429,1194,237
430,1194,237
431,1194,237
432,1194,237
433,1194,237
434,1194,237
435,1194,237
436,1194,237
437,1194,237
438,1194,237
439,1194,237
440,1194,237
441,1194,237
442,1194,237
443,1194,237
444,1194,237
445,1194,237
446,1194,237
447,1193,239
448,1189,240
449,1185,241
450,1180,242
451,1175,243
452,1170,244
453,1166,245
454,1163,247
455,1162,249
456,1161,251
457,1161,251
458,1161,251
459,1161,251
460,1161,251
461,1161,251
462,1161,251
463,1161,251
464,1161,251
465,1161,251
466,1161,251
467,1161,251
468,1161,253
469,1161,255
470,1158,257
471,1154,258
472,1150,259
473,1146,260
474,1142,261
475,1138,263
476,1134,264
477,1130,265
478,1128,267
479,1126,269
480,1126,269
481,1126,269
482,1126,269
483,1126,269
484,1126,269
485,1126,269
486,1126,269
487,1126,269
488,1126,269
489,1126,269
490,1124,270
491,1122,271
492,1120,272
493,1118,273
494,1116,274
495,1115,275
496,1114,276
497,1114,276
498,1114,276
499,1114,276
500,1114,276
501,1114,276
502,1114,276
503,1114,276
504,1114,276
505,1114,276
506,1114,276
507,1114,276
508,1114,276
509,1114,276
510,1114,276
511,1114,276
512,1114,276
513,1114,276
514,1114,276
515,1114,276
516,1114,276
517,1114,276
518,1114,276
519,1114,276
520,1114,276
521,1115,278
522,1116,280
523,1117,282
524,1118,284
525,1119,286
526,1120,288
527,1120,288
528,1120,288
529,1120,288
530,1120,288
531,1120,288
532,1121,290
533,1122,292
534,1122,292
535,1122,292
536,1122,292
537,1125,298
538,1128,305
539,1131,312
540,1134,319
541,1136,326
542,1138,333
543,1141,340
544,1144,347
545,1147,354
546,1150,361
547,1153,367
548,1156,373
549,1157,375
550,1157,375
551,1157,375
552,1157,375
553,1157,375
554,1157,375
555,1157,375
556,1157,375
557,1157,375
558,1157,375
559,1157,375
560,1157,375
561,1157,375
562,1157,375
563,1157,375
564,1157,375
565,1157,375
566,1157,375
567,1157,375
568,1157,375
569,1157,375
570,1157,375
571,1157,375
572,1157,375
573,1157,375
574,1157,375
575,1157,375
576,1157,375
577,1157,375
578,1157,375
579,1157,375
580,1157,375
581,1157,375
582,1157,375
583,1157,375
584,1156,377
585,1155,379
586,1154,381
587,1153,383
588,1152,385
589,1151,388
590,1150,390
591,1149,392
592,1148,394
593,1148,394
594,1148,394
595,1148,394
596,1148,394
597,1148,394
598,1148,394
599,1148,394
600,1148,394
601,1148,394
602,1148,394
603,1148,394
604,1148,394
605,1148,394
606,1148,394
607,1148,394
608,1148,394
609,1148,394
610,1148,394
611,1148,394
612,1148,394
613,1148,394
614,1148,394
615,1148,394
616,1147,397
617,1146,400
618,1145,403
619,1144,406
620,1143,409
621,1142,412
622,1141,415
623,1140,418
624,1139,421
625,1139,424
626,1139,426
627,1139,428
628,1139,428
629,1139,428
630,1139,428
631,1139,428
632,1139,428
633,1139,428
634,1139,428
635,1139,428
636,1139,428
637,1139,428
638,1139,428
639,1139,428
640,1139,428
641,1138,430
642,1137,433
643,1136,436
644,1135,439
645,1134,441
646,1134,441
647,1134,441
648,1134,441
649,1134,441
650,1134,441
651,1134,441
652,1134,441
653,1134,441
654,1134,441
655,1134,441
656,1134,441
657,1134,441
658,1134,441
659,1134,441
660,1134,441
661,1134,441
662,1134,441
663,1134,441
664,1134,441
665,1127,438
666,1120,435
667,1113,432
668,1106,429
669,1099,426
670,1092,423
671,1085,420
672,1078,417
673,1071,414
674,1064,411
675,1056,408
676,1048,406
677,1040,404
678,1032,401
679,1025,398
680,1018,395
681,1010,392
682,1002,389
683,994,386
684,986,383
685,978,380
686,969,378
687,960,376
688,951,374
689,942,372
690,933,370
691,924,368
692,915,366
693,906,364
694,897,362
695,889,359
696,881,356
697,873,353
698,865,350
699,857,347
700,849,344
701,841,341
702,833,338
703,825,335
704,817,332
705,809,329
706,801,326
707,793,323
708,785,320
709,777,318
710,769,316
711,761,314
712,753,311
713,745,308
714,738,306
715,731,303
716,726,303
717,721,303
718,714,301
719,707,299
720,700,297
721,692,294
722,684,291
723,676,288
724,668,285
725,661,282
726,654,279
727,647,276
728,640,274
729,633,271
730,626,268
731,619,265
732,612,262
733,605,259
734,598,256
735,596,257
736,594,258
737,594,258
738,594,258
739,594,258
740,594,258
741,594,258
742,594,258
743,594,258
744,594,258
745,594,258
746,594,258
747,594,258
748,594,258
749,594,258
750,594,258
751,594,258
752,594,258
753,594,258
754,594,258
755,594,258
756,594,258
757,602,261
758,610,264
759,617,268
760,624,272
761,624,272
762,624,272
763,624,272
764,624,272
765,624,272
766,624,272
767,624,272
768,616,277
769,608,282
770,600,287
771,592,292
772,584,297
773,576,302
774,568,307
775,566,316
776,564,325
777,564,333
778,564,341
779,564,349
780,564,357
781,565,365
782,566,373
783,567,381
784,568,389
785,571,393
786,574,397
787,582,398
788,584,403
789,585,411
790,586,419
791,587,427
792,588,435
793,589,443
794,590,451
795,591,459
796,593,466
797,595,471
798,596,479
799,597,487
800,598,495
801,600,503
802,602,511
803,603,519
804,604,527
805,606,535
806,608,543
807,610,551
808,612,559
809,614,567
810,616,575
811,618,583
812,620,591
813,622,599
814,624,607
815,626,615
816,628,623
817,630,631
818,632,639
819,634,647
820,636,655
821,638,663
822,640,671
823,643,678
824,645,686
825,647,694
826,649,702
827,651,710
828,653,718
829,655,726
830,658,733
831,658,733
832,658,733
833,658,733
834,658,733
835,658,733
836,658,733
837,658,733
838,658,733
839,658,733
840,658,733
841,658,733
842,658,733
843,658,733
844,658,733
845,658,733
846,658,733
847,658,733
848,658,733
849,658,733
850,658,733
851,658,733
852,658,733
853,658,733
854,658,733
855,658,733
856,658,729
857,658,729
858,658,729
859,658,729
860,658,724
861,658,719
862,652,719
863,646,719
864,640,719
865,634,719
866,628,719
867,622,719
868,616,719
869,615,722
870,614,725
871,614,725
872,614,725
873,614,725
874,615,727
875,616,729
876,616,732
877,616,735
878,616,735
879,616,735
880,616,735
881,616,735
882,616,735
883,616,735
884,616,735
885,615,738
886,614,741
887,615,743
888,616,745
889,615,748
890,614,751
891,613,754
892,613,757
893,613,757
894,613,757
895,613,759
896,613,759
897,613,759
898,614,761
899,615,763
900,616,758
901,617,753
902,617,753
903,618,748
904,619,743
905,620,738
906,621,733
907,622,728
908,623,724
909,624,720
910,625,716
911,626,712
912,627,708
913,628,704
914,629,700
