,pos_X,pos_Y
0,576,714
1,576,714
2,576,714
3,576,714
4,576,714
5,576,714
6,576,714
7,576,714
8,576,714
9,576,714
10,576,714
11,576,714
12,576,714
13,576,714
14,576,714
15,576,714
16,576,714
17,576,714
18,576,714
19,576,714
20,578,710
21,580,706
22,582,702
23,584,698
24,586,694
25,588,689
26,590,685
27,592,681
28,596,669
29,596,669
30,596,669
31,596,669
32,596,669
33,596,669
34,596,669
35,596,669
36,596,669
37,596,669
38,596,669
39,596,669
40,596,669
41,596,669
42,596,669
43,596,669
44,596,669
45,596,669
46,596,669
47,596,669
48,596,669
49,596,669
50,598,682
51,600,695
52,603,708
53,606,721
54,608,734
55,609,746
56,609,746
57,612,763
58,617,780
59,622,797
60,622,797
61,622,797
62,622,797
63,622,797
64,622,797
65,622,797
66,622,797
67,622,797
68,622,797
69,622,797
70,622,797
71,622,797
72,622,797
73,622,797
74,622,797
75,622,797
76,622,797
77,622,797
78,622,797
79,622,797
80,622,797
81,622,797
82,622,797
83,622,797
84,622,797
85,622,797
86,622,797
87,622,797
88,622,797
89,622,797
90,622,797
91,622,797
92,622,797
93,622,797
94,622,797
95,622,797
96,622,797
97,622,797
98,622,797
99,622,797
100,622,797
101,622,797
102,622,797
103,622,797
104,622,797
105,622,797
106,622,797
107,622,797
108,617,810
109,615,824
110,615,824
111,615,824
112,615,824
113,615,824
114,615,824
115,615,824
116,615,824
117,615,824
118,615,824
119,611,838
120,611,838
121,611,838
122,611,838
123,611,838
124,611,838
125,611,838
126,611,838
127,611,838
128,608,853
129,608,853
130,608,853
131,608,853
132,608,853
133,608,853
134,608,853
135,608,853
136,608,853
137,608,853
138,608,853
139,608,853
140,608,853
141,604,870
142,604,870
143,604,870
144,604,870
145,604,870
146,604,870
147,604,870
148,604,870
149,604,870
150,604,870
151,604,870
152,604,870
153,604,870
154,604,870
155,604,870
156,611,866
157,619,861
158,627,856
159,636,851
160,644,846
161,653,841
162,662,836
163,671,830
164,681,823
165,690,817
166,699,811
167,708,804
168,722,795
169,734,787
170,744,780
171,756,772
172,768,763
173,782,754
174,794,745
175,804,737
176,816,733
177,827,730
178,838,727
179,849,724
180,859,720
181,871,716
182,883,712
183,894,709
184,904,706
185,914,703
186,926,701
187,937,697
188,948,694
189,959,691
190,971,687
191,983,683
192,994,679
193,1004,675
194,1014,671
195,1026,667
196,1036,664
197,1049,662
198,1060,659
199,1071,656
200,1080,651
201,1091,647
202,1104,643
203,1117,639
204,1127,634
205,1127,634
206,1127,634
207,1127,634
208,1127,634
209,1127,634
210,1127,634
211,1127,634
212,1127,634
213,1127,634
214,1127,634
215,1127,634
216,1127,634
217,1127,634
218,1127,634
219,1127,634
220,1127,634
221,1127,634
222,1127,634
223,1127,634
224,1127,634
225,1127,634
226,1127,634
227,1127,634
228,1127,634
229,1127,634
230,1127,634
231,1127,634
232,1127,634
233,1127,634
234,1127,634
235,1127,634
236,1127,634
237,1127,634
238,1127,634
239,1127,634
240,1127,634
241,1127,634
242,1127,634
243,1127,634
244,1127,634
245,1127,634
246,1127,634
247,1127,634
248,1127,634
249,1127,634
250,1127,634
251,1127,634
252,1127,634
253,1127,634
254,1127,634
255,1127,634
256,1127,634
257,1127,634
258,1127,634
259,1127,634
260,1127,634
261,1127,634
262,1127,634
263,1127,634
264,1127,634
265,1127,634
266,1127,634
267,1127,634
268,1127,634
269,1127,634
270,1127,634
271,1127,634
272,1127,634
273,1127,634
274,1127,634
275,1127,634
276,1127,634
277,1127,634
278,1127,634
279,1127,634
280,1127,634
281,1127,634
282,1113,626
283,1102,615
284,1102,615
285,1102,615
286,1102,615
287,1102,615
288,1102,615
289,1102,615
290,1102,615
291,1102,615
292,1102,615
293,1102,615
294,1102,615
295,1102,615
296,1102,615
297,1102,615
298,1102,615
299,1105,599
300,1108,599
301,1111,599
302,1118,595
303,1118,595
304,1118,595
305,1118,595
306,1118,595
307,1118,595
308,1118,595
309,1118,595
310,1118,595
311,1118,595
312,1118,595
313,1118,595
314,1118,595
315,1118,595
316,1118,595
317,1118,595
318,1118,595
319,1118,595
320,1118,595
321,1118,595
322,1118,595
323,1118,595
324,1118,595
325,1118,595
326,1118,595
327,1118,595
328,1118,595
329,1118,595
330,1118,595
331,1118,595
332,1118,595
333,1118,595
334,1118,595
335,1118,595
336,1118,595
337,1118,595
338,1118,595
339,1118,595
340,1118,595
341,1118,595
342,1110,596
343,1110,596
344,1110,596
345,1110,596
346,1110,596
347,1110,596
348,1110,596
349,1110,596
350,1110,596
351,1110,596
352,1110,596
353,1110,596
354,1110,596
355,1110,596
356,1110,596
357,1110,596
358,1110,596
359,1110,596
360,1119,595
361,1119,595
362,1119,595
363,1119,595
364,1127,596
365,1127,596
366,1135,597
367,1135,597
368,1135,597
369,1135,597
370,1135,597
371,1135,597
372,1135,597
373,1143,598
374,1143,598
375,1143,598
376,1151,599
377,1151,599
378,1159,599
379,1167,599
380,1175,599
381,1175,599
382,1175,599
383,1175,599
384,1183,599
385,1183,599
386,1183,599
387,1191,598
388,1199,598
389,1207,598
390,1207,598
391,1207,598
392,1207,598
393,1214,598
394,1221,598
395,1228,598
396,1235,598
397,1243,598
398,1251,597
399,1259,596
400,1267,596
401,1267,596
402,1267,596
403,1267,596
404,1267,596
405,1267,596
406,1267,596
407,1267,596
408,1267,596
409,1267,596
410,1267,596
411,1267,596
412,1267,596
413,1267,596
414,1267,596
415,1267,596
416,1267,596
417,1267,596
418,1267,596
419,1267,596
420,1267,596
421,1267,596
422,1267,596
423,1267,596
424,1267,596
425,1256,587
426,1243,578
427,1232,569
428,1223,560
429,1217,559
430,1206,550
431,1195,541
432,1184,532
433,1173,524
434,1162,515
435,1153,506
436,1153,506
437,1142,495
438,1131,484
439,1120,475
440,1109,466
441,1109,466
442,1098,455
443,1092,454
444,1092,454
445,1092,454
446,1079,445
447,1066,436
448,1053,427
449,1040,418
450,1026,410
451,1020,409
452,1007,400
453,1007,400
454,1007,400
455,1007,400
456,1007,400
457,1007,400
458,1007,400
459,1007,400
460,1007,400
461,1007,400
462,1007,400
463,1007,400
464,1007,400
465,1007,400
466,1007,400
467,1007,400
468,1007,400
469,1007,400
470,1007,400
471,1007,400
472,1007,400
473,1007,400
474,1007,400
475,1007,400
476,1007,400
477,1007,400
478,1007,400
479,1007,400
480,1013,400
481,1019,400
482,1025,400
483,1031,400
484,1037,400
485,1043,400
486,1049,400
487,1055,400
488,1061,400
489,1067,400
490,1073,400
491,1079,400
492,1085,400
493,1091,400
494,1097,400
495,1103,400
496,1109,400
497,1115,400
498,1115,400
499,1115,400
500,1115,400
501,1115,400
502,1115,400
503,1115,400
504,1115,400
505,1115,400
506,1103,406
507,1091,412
508,1076,418
509,1064,424
510,1049,430
511,1049,430
512,1049,430
513,1034,436
514,1021,443
515,1021,443
516,1021,443
517,1028,444
518,1028,444
519,1035,445
520,1042,446
521,1042,446
522,1050,447
523,1057,448
524,1064,449
525,1071,450
526,1071,450
527,1079,451
528,1087,452
529,1094,453
530,1094,453
531,1103,453
532,1112,452
533,1121,451
534,1130,451
535,1130,451
536,1130,451
537,1139,452
538,1148,453
539,1157,454
540,1166,455
541,1175,456
542,1184,457
543,1184,457
544,1193,458
545,1193,458
546,1193,458
547,1193,458
548,1202,456
549,1211,455
550,1220,454
551,1229,453
552,1237,452
553,1245,451
554,1253,450
555,1261,448
556,1269,447
557,1277,446
558,1285,445
559,1293,444
560,1301,443
561,1309,442
562,1317,441
563,1325,440
564,1325,440
565,1325,440
566,1325,440
567,1325,440
568,1325,440
569,1325,440
570,1325,440
571,1325,440
572,1325,440
573,1325,440
574,1325,440
575,1325,440
576,1325,440
577,1325,440
578,1325,440
579,1325,440
580,1325,440
581,1325,440
582,1325,440
583,1325,440
584,1325,440
585,1325,440
586,1325,440
587,1325,440
588,1325,440
589,1325,440
590,1325,440
591,1325,440
592,1325,440
593,1333,439
594,1341,438
595,1349,437
596,1356,436
597,1363,435
598,1370,434
599,1377,433
600,1385,432
601,1393,431
602,1393,431
603,1401,430
604,1409,429
605,1417,428
606,1417,428
607,1417,428
608,1417,428
609,1417,428
610,1417,428
611,1417,428
612,1417,428
613,1417,428
614,1417,428
615,1417,428
616,1417,428
617,1417,428
618,1417,428
619,1417,428
620,1417,428
621,1417,428
622,1417,428
623,1417,428
624,1417,428
625,1417,428
626,1411,427
627,1405,426
628,1399,425
629,1392,424
630,1386,423
631,1380,422
632,1374,421
633,1368,420
634,1362,419
635,1356,419
636,1350,419
637,1344,418
638,1337,417
639,1330,416
640,1323,415
641,1317,414
642,1311,413
643,1305,413
644,1299,413
645,1292,412
646,1285,411
647,1278,410
648,1271,409
649,1264,408
650,1257,407
651,1250,406
652,1243,405
653,1236,404
654,1232,388
655,1230,376
656,1228,363
657,1224,347
658,1222,334
659,1220,322
660,1218,310
661,1216,297
662,1215,284
663,1208,281
664,1201,278
665,1194,275
666,1194,275
667,1194,275
668,1194,275
669,1194,275
670,1194,275
671,1194,275
672,1194,275
673,1194,275
674,1194,275
675,1194,275
676,1194,275
677,1194,275
678,1194,275
679,1194,275
680,1194,275
681,1194,275
682,1194,275
683,1194,275
684,1194,275
685,1194,275
686,1194,275
687,1194,275
688,1194,275
689,1194,275
690,1194,275
691,1194,275
692,1194,275
693,1194,275
694,1194,275
695,1194,275
696,1194,275
697,1187,274
698,1187,274
699,1187,274
700,1187,274
701,1187,274
702,1187,274
703,1187,274
704,1187,274
705,1187,274
706,1187,274
707,1187,274
708,1187,274
709,1187,274
710,1187,274
711,1187,274
712,1187,274
713,1187,274
714,1179,273
715,1179,273
716,1179,273
717,1179,273
718,1179,273
719,1179,273
720,1179,273
721,1179,273
722,1179,273
723,1179,273
724,1179,273
725,1179,273
726,1179,273
727,1179,273
728,1179,273
729,1179,273
730,1179,273
731,1179,273
732,1179,273
733,1179,273
734,1179,273
735,1179,273
736,1179,273
737,1179,273
738,1179,273
739,1179,273
740,1179,273
741,1179,273
742,1179,273
743,1179,273
744,1179,273
745,1179,273
746,1179,273
747,1179,273
748,1179,273
749,1179,273
750,1179,273
751,1179,273
752,1179,273
753,1179,273
754,1179,273
755,1179,273
756,1179,273
757,1179,273
758,1179,273
759,1179,273
760,1179,273
761,1179,273
762,1179,273
763,1179,273
764,1179,273
765,1179,273
766,1179,273
767,1179,273
768,1179,273
769,1179,273
770,1179,273
771,1179,273
772,1179,273
773,1179,273
774,1179,273
775,1179,273
776,1179,273
777,1179,273
778,1179,273
779,1179,273
780,1179,273
781,1179,273
782,1179,273
783,1179,273
784,1179,273
785,1179,273
786,1179,273
787,1179,273
788,1179,273
789,1179,273
790,1179,273
791,1179,273
792,1179,273
793,1179,273
794,1179,273
795,1179,273
796,1179,273
797,1179,273
798,1179,273
799,1179,273
800,1179,273
801,1179,273
802,1179,273
803,1179,273
804,1179,273
805,1179,273
806,1179,273
807,1179,273
808,1179,273
809,1179,273
810,1179,273
811,1179,273
812,1179,273
813,1179,273
814,1179,273
815,1179,273
816,1179,273
817,1179,273
818,1179,273
819,1179,273
820,1179,273
821,1179,273
822,1179,273
823,1179,273
824,1179,273
825,1179,273
826,1179,273
827,1179,273
828,1179,273
829,1179,273
830,1170,271
831,1161,270
832,1161,270
833,1161,270
834,1161,270
835,1161,270
836,1161,270
837,1161,270
838,1161,270
839,1161,270
840,1161,270
841,1161,270
842,1161,270
843,1161,270
844,1161,270
845,1161,270
846,1161,270
847,1161,270
848,1161,270
849,1161,270
850,1149,266
851,1137,262
852,1125,258
853,1113,254
854,1102,249
855,1091,244
856,1080,238
857,1069,233
858,1058,227
859,1047,221
860,1036,215
861,1024,211
862,1012,207
863,1001,202
864,991,196
865,986,195
866,981,194
867,968,185
868,968,185
869,968,185
870,968,185
871,968,185
872,968,185
873,968,185
874,968,185
875,968,185
876,968,185
877,968,185
878,968,185
879,968,185
880,968,185
881,968,185
882,976,184
883,984,183
884,992,182
885,1000,181
886,1008,180
887,1016,179
888,1024,179
889,1032,179
890,1040,178
891,1048,178
892,1057,177
893,1066,176
894,1075,175
895,1084,174
896,1093,173
897,1102,172
898,1112,171
899,1121,169
900,1130,167
901,1139,165
902,1148,163
903,1157,161
904,1165,159
905,1173,157
906,1182,155
907,1191,153
908,1199,149
909,1207,145
910,1215,142
911,1223,139
912,1232,137
913,1242,135
914,1252,133
915,1261,131
916,1270,129
917,1279,127
918,1279,127
919,1279,127
920,1279,127
921,1279,127
922,1279,127
923,1279,127
924,1279,127
925,1279,127
926,1279,127
927,1279,127
928,1279,127
929,1279,127
930,1279,127
931,1279,127
932,1279,127
933,1270,127
934,1261,127
935,1252,127
936,1242,127
937,1232,127
938,1221,127
939,1211,127
940,1201,127
941,1191,127
942,1181,127
943,1170,127
944,1159,127
945,1148,127
946,1136,126
947,1136,126
948,1121,125
949,1106,124
950,1091,123
951,1091,123
952,1076,122
953,1061,121
954,1048,120
955,1035,119
956,1022,118
957,1022,118
958,1022,118
959,1012,116
960,1003,114
961,994,112
962,985,110
963,976,108
964,967,106
965,957,104
966,948,102
967,939,100
968,930,99
969,921,98
970,912,97
971,903,96
972,894,95
973,885,93
974,876,91
975,867,89
976,856,87
977,844,84
978,844,84
979,844,84
980,844,84
981,844,84
982,844,84
983,844,84
984,844,84
985,844,84
986,844,84
987,844,84
988,844,84
989,844,84
990,844,84
991,844,84
992,844,84
993,844,84
994,844,84
995,840,84
996,836,84
997,832,84
998,828,84
999,824,84
1000,820,84
1001,816,84
1002,812,84
1003,808,84
1004,803,84
1005,803,84
1006,803,84
1007,803,84
1008,803,84
1009,803,84
1010,803,84
1011,803,84
1012,803,84
1013,803,84
1014,803,84
1015,803,84
1016,803,84
1017,803,84
1018,803,84
1019,803,84
1020,803,84
1021,803,84
1022,803,84
1023,803,84
1024,803,84
1025,803,84
1026,803,84
1027,803,84
1028,803,84
1029,803,84
1030,801,92
1031,799,100
1032,797,108
1033,795,116
1034,792,124
1035,789,132
1036,787,140
1037,785,149
1038,783,158
1039,782,168
1040,781,178
1041,779,188
1042,777,197
1043,774,206
1044,771,215
1045,768,225
1046,765,235
1047,762,245
1048,759,256
1049,756,267
1050,753,277
1051,750,288
1052,747,299
1053,743,311
1054,739,323
1055,736,335
1056,732,347
1057,729,359
1058,726,372
1059,723,385
1060,719,398
1061,715,412
1062,709,426
1063,704,439
1064,697,452
1065,691,464
1066,685,478
1067,680,494
1068,677,509
1069,674,524
1070,671,539
1071,667,553
1072,664,568
1073,660,582
1074,656,599
1075,651,615
1076,646,631
1077,641,647
1078,636,663
1079,630,677
1080,630,677
1081,627,692
1082,624,707
1083,624,707
1084,624,707
1085,624,707
1086,624,707
1087,624,707
1088,624,707
1089,624,707
1090,624,707
1091,624,707
1092,624,707
1093,624,707
1094,624,707
1095,624,707
1096,624,707
1097,624,707
1098,624,707
1099,624,707
1100,624,707
1101,624,707
1102,624,707
1103,624,707
1104,624,707
1105,624,707
1106,624,707
1107,627,724
1108,630,741
1109,633,758
1110,635,774
1111,638,791
1112,643,808
1113,646,825
1114,646,825
1115,644,842
1116,644,842
1117,644,842
1118,644,842
1119,646,858
1120,646,858
1121,646,858
1122,646,858
1123,646,858
1124,646,858
1125,649,875
1126,651,891
1127,653,907
1128,655,923
1129,657,939
1130,656,955
1131,654,972
1132,654,972
1133,654,972
1134,654,972
1135,654,972
1136,654,972
1137,654,972
1138,654,972
1139,654,972
1140,654,972
1141,654,972
1142,654,972
1143,654,972
1144,654,972
1145,654,972
1146,654,972
1147,654,972
1148,654,972
1149,654,972
1150,653,964
1151,652,955
1152,651,946
1153,649,937
1154,647,928
1155,645,919
1156,643,910
1157,642,900
1158,642,891
1159,642,882
1160,642,872
1161,642,863
1162,642,854
1163,642,845
1164,642,845
1165,642,845
1166,642,845
1167,641,835
1168,641,825
1169,641,815
1170,641,805
1171,641,805
1172,641,805
1173,639,789
1174,637,773
1175,635,757
1176,631,741
1177,627,725
1178,623,709
1179,621,693
1180,619,677
1181,615,661
1182,611,645
1183,611,645
1184,611,645
1185,611,645
1186,611,645
1187,611,645
1188,611,645
1189,611,645
1190,611,645
1191,611,645
1192,611,645
1193,611,645
1194,611,645
1195,611,645
1196,611,645
1197,611,645
1198,611,645
1199,611,645
1200,611,645
1201,611,645
1202,611,645
1203,611,645
1204,611,645
1205,611,645
1206,611,645
1207,611,645
1208,611,645
1209,611,645
1210,618,659
1211,624,675
1212,627,692
1213,627,692
1214,627,692
1215,627,692
1216,627,692
1217,627,692
1218,627,692
1219,627,692
1220,627,692
