,pos_X,pos_Y
0,633,634
1,633,634
2,633,634
3,633,634
4,633,634
5,633,634
6,633,634
7,633,634
8,633,634
9,633,634
10,633,634
11,633,634
12,633,634
13,633,634
14,633,634
15,633,634
16,633,634
17,633,634
18,633,634
19,633,634
20,633,634
21,633,634
22,633,634
23,633,634
24,633,634
25,633,634
26,633,634
27,633,634
28,633,634
29,633,634
30,633,634
31,633,634
32,633,634
33,633,634
34,633,634
35,633,634
36,633,634
37,633,634
38,633,634
39,633,634
40,633,634
41,633,634
42,632,635
43,631,636
44,630,637
45,629,638
46,628,639
47,627,640
48,626,641
49,626,641
50,625,642
51,624,643
52,624,643
53,624,643
54,624,643
55,623,644
56,622,644
57,622,644
58,622,644
59,622,644
60,622,644
61,622,644
62,622,644
63,622,644
64,622,644
65,622,644
66,622,644
67,622,644
68,622,644
69,622,644
70,622,644
71,622,644
72,621,643
73,620,642
74,620,642
75,620,642
76,620,642
77,620,642
78,619,641
79,618,640
80,617,639
81,616,638
82,615,637
83,614,636
84,613,635
85,612,634
86,611,633
87,610,632
88,610,632
89,610,632
90,610,632
91,610,632
92,610,632
93,610,632
94,610,632
95,610,632
96,610,632
97,610,632
98,610,632
99,610,632
100,610,632
101,610,632
102,610,632
103,610,632
104,610,632
105,612,632
106,614,632
107,616,632
108,618,632
109,620,632
110,622,632
111,624,632
112,626,632
113,628,632
114,630,632
115,632,632
116,634,632
117,636,632
118,638,632
119,640,632
120,642,632
121,644,632
122,646,632
123,648,632
124,650,632
125,652,632
126,654,632
127,656,632
128,658,632
129,660,632
130,662,632
131,664,632
132,666,632
133,668,632
134,669,632
135,670,632
136,671,632
137,672,632
138,674,632
139,675,632
140,676,632
141,678,632
142,680,632
143,682,632
144,684,632
145,686,632
146,688,632
147,690,632
148,692,632
149,694,632
150,694,632
151,694,632
152,694,632
153,694,632
154,694,632
155,694,632
156,694,632
157,694,632
158,694,632
159,694,632
160,694,632
161,694,631
162,694,630
163,694,629
164,694,628
165,694,627
166,694,626
167,694,625
168,694,624
169,694,623
170,694,622
171,694,621
172,694,620
173,694,619
174,694,618
175,694,618
176,696,618
177,698,618
178,698,618
179,698,618
180,700,618
181,702,618
182,702,618
183,702,618
184,702,618
185,702,618
186,704,618
187,706,618
188,708,618
189,710,618
190,712,618
191,714,618
192,716,618
193,718,618
194,720,618
195,722,618
196,724,618
197,726,618
198,728,618
199,730,618
200,732,618
201,734,618
202,736,618
203,738,618
204,740,618
205,742,618
206,744,618
207,746,618
208,748,618
209,750,618
210,752,618
211,754,618
212,756,618
213,758,618
214,760,618
215,762,618
216,764,618
217,766,618
218,768,618
219,770,618
220,772,618
221,774,618
222,776,618
223,778,618
224,780,618
225,782,618
226,784,618
227,786,618
228,788,618
229,790,618
230,792,618
231,792,618
232,792,618
233,792,618
234,792,618
235,792,618
236,792,618
237,792,618
238,792,618
239,792,618
240,792,618
241,792,618
242,792,618
243,792,618
244,792,618
245,792,618
246,792,618
247,792,618
248,792,618
249,792,618
250,792,618
251,792,618
252,792,618
253,792,618
254,792,618
255,792,618
256,794,618
257,796,618
258,798,618
259,800,618
260,802,618
261,804,618
262,806,618
263,808,618
264,810,618
265,812,618
266,814,618
267,816,618
268,818,618
269,820,618
270,822,618
271,824,618
272,826,618
273,828,618
274,830,618
275,832,618
276,834,618
277,836,618
278,838,618
279,840,618
280,842,618
281,844,618
282,846,618
283,848,618
284,850,618
285,852,618
286,854,618
287,856,618
288,858,618
289,860,618
290,862,618
291,864,618
292,866,618
293,868,618
294,870,618
295,872,618
296,874,618
297,876,618
298,878,618
299,880,618
300,882,618
301,884,618
302,886,618
303,888,618
304,890,618
305,892,618
306,894,618
307,896,618
308,898,618
309,900,618
310,900,618
311,900,618
312,900,618
313,900,618
314,900,618
315,900,618
316,900,618
317,900,618
318,900,618
319,900,618
320,900,618
321,900,618
322,900,618
323,900,618
324,900,618
325,900,618
326,900,618
327,900,618
328,902,619
329,904,620
330,906,620
331,908,620
332,910,620
333,912,620
334,914,620
335,916,620
336,918,620
337,920,620
338,922,620
339,924,620
340,926,620
341,928,620
342,930,620
343,932,620
344,934,620
345,936,620
346,938,620
347,940,620
348,942,620
349,944,620
350,946,620
351,948,620
352,950,620
353,952,620
354,954,620
355,956,621
356,958,622
357,960,623
358,962,624
359,964,625
360,966,626
361,968,627
362,970,628
363,972,629
364,974,630
365,976,631
366,978,632
367,980,633
368,982,634
369,984,635
370,986,636
371,988,637
372,990,638
373,992,639
374,994,640
375,996,641
376,998,642
377,1000,643
378,1002,644
379,1004,645
380,1006,646
381,1008,647
382,1010,648
383,1012,649
384,1014,650
385,1016,651
386,1018,652
387,1020,653
388,1022,654
389,1024,655
390,1026,656
391,1028,657
392,1030,658
393,1032,659
394,1034,659
395,1036,659
396,1038,659
397,1040,659
398,1042,659
399,1044,659
400,1046,659
401,1048,659
402,1050,659
403,1052,659
404,1054,659
405,1056,659
406,1058,659
407,1060,659
408,1062,659
409,1064,659
410,1066,659
411,1068,659
412,1070,659
413,1070,659
414,1070,659
415,1070,659
416,1070,659
417,1072,659
418,1074,659
419,1077,659
420,1079,660
421,1081,661
422,1084,662
423,1084,662
424,1084,662
425,1084,662
426,1084,662
427,1084,662
428,1084,662
429,1084,662
430,1084,662
431,1084,662
432,1084,662
433,1084,662
434,1084,662
435,1084,662
436,1086,663
437,1088,663
438,1090,663
439,1092,663
440,1094,663
441,1096,663
442,1098,663
443,1100,663
444,1102,663
445,1104,663
446,1106,663
447,1108,664
448,1110,665
449,1110,665
450,1110,665
451,1110,665
452,1113,666
453,1116,667
454,1118,668
455,1120,669
456,1122,670
457,1124,671
458,1126,672
459,1128,673
460,1130,674
461,1132,675
462,1134,675
463,1136,675
464,1138,675
465,1140,675
466,1142,675
467,1144,675
468,1146,675
469,1148,675
470,1150,675
471,1152,675
472,1154,675
473,1156,675
474,1158,675
475,1160,675
476,1162,675
477,1164,675
478,1166,675
479,1168,675
480,1170,675
481,1172,675
482,1174,676
483,1176,677
484,1178,678
485,1180,679
486,1182,680
487,1184,681
488,1186,682
489,1186,682
490,1186,682
491,1186,682
492,1186,682
493,1186,682
494,1186,682
495,1186,682
496,1186,682
497,1186,682
498,1186,682
499,1186,682
500,1186,682
501,1186,682
502,1186,682
503,1186,681
504,1186,680
505,1186,679
506,1186,678
507,1186,677
508,1186,676
509,1186,675
510,1186,674
511,1186,673
512,1186,672
513,1186,671
514,1186,670
515,1186,669
516,1186,668
517,1186,667
518,1186,666
519,1186,665
520,1186,664
521,1186,663
522,1186,662
523,1186,661
524,1186,660
525,1186,659
526,1186,658
527,1186,657
528,1186,656
529,1186,655
530,1186,654
531,1186,653
532,1186,652
533,1186,651
534,1186,650
535,1186,649
536,1186,648
537,1186,647
538,1186,646
539,1186,645
540,1186,644
541,1186,643
542,1186,642
543,1186,641
544,1186,640
545,1186,639
546,1186,638
547,1186,637
548,1186,636
549,1186,635
550,1186,634
551,1186,633
552,1186,632
553,1186,631
554,1186,630
555,1186,629
556,1186,628
557,1186,627
558,1186,626
559,1186,625
560,1186,623
561,1186,622
562,1186,621
563,1186,620
564,1186,619
565,1186,618
566,1186,617
567,1186,616
568,1186,615
569,1186,614
570,1186,613
571,1186,612
572,1186,611
573,1186,610
574,1186,609
575,1186,608
576,1186,607
577,1186,606
578,1186,605
579,1186,604
580,1186,603
581,1185,602
582,1184,601
583,1184,600
584,1184,599
585,1184,598
586,1184,597
587,1184,596
588,1184,595
589,1184,594
590,1184,593
591,1184,592
592,1184,591
593,1184,590
594,1183,589
595,1183,588
596,1183,587
597,1183,586
598,1182,585
599,1181,584
600,1180,583
601,1179,582
602,1178,581
603,1177,580
604,1176,579
605,1176,578
606,1176,577
607,1176,576
608,1176,575
609,1176,574
610,1176,573
611,1176,572
612,1176,571
613,1176,570
614,1176,569
615,1176,567
616,1176,565
617,1176,563
618,1176,561
619,1176,559
620,1176,557
621,1177,555
622,1178,553
623,1178,553
624,1178,553
625,1178,553
626,1179,552
627,1180,551
628,1181,550
629,1182,549
630,1183,547
631,1184,546
632,1185,545
633,1186,544
634,1187,543
635,1188,541
636,1189,539
637,1190,537
638,1191,535
639,1191,535
640,1191,535
641,1191,535
642,1191,535
643,1191,535
644,1191,535
645,1191,535
646,1191,535
647,1191,535
648,1191,535
649,1191,535
650,1191,535
651,1191,535
652,1191,535
653,1191,533
654,1191,531
655,1191,531
656,1191,531
657,1191,529
658,1191,527
659,1191,525
660,1191,523
661,1191,521
662,1191,519
663,1191,517
664,1191,515
665,1191,513
666,1191,511
667,1191,509
668,1191,507
669,1191,505
670,1191,503
671,1191,501
672,1191,499
673,1191,497
674,1191,495
675,1191,493
676,1191,491
677,1191,491
678,1191,491
679,1191,491
680,1191,491
681,1191,491
682,1191,491
683,1191,491
684,1191,491
685,1191,491
686,1191,491
687,1191,491
688,1191,491
689,1191,491
690,1191,491
691,1191,491
692,1191,491
693,1191,489
694,1191,487
695,1191,485
696,1191,483
697,1191,481
698,1191,479
699,1191,477
700,1191,475
701,1191,473
702,1191,471
703,1191,469
704,1191,467
705,1191,465
706,1191,463
707,1191,461
708,1191,459
709,1191,457
710,1191,455
711,1191,453
712,1191,451
713,1191,450
714,1191,448
715,1191,446
716,1191,444
717,1191,442
718,1191,440
719,1191,438
720,1191,436
721,1191,434
722,1191,434
723,1191,434
724,1191,434
725,1191,434
726,1191,434
727,1191,434
728,1191,434
729,1191,434
730,1191,434
731,1191,434
732,1191,434
733,1191,434
734,1191,434
735,1191,434
736,1191,434
737,1191,434
738,1191,434
739,1191,434
740,1191,434
741,1191,434
742,1191,434
743,1191,434
744,1191,434
745,1191,434
746,1191,434
747,1191,434
748,1191,434
749,1191,434
750,1191,434
751,1191,434
752,1191,434
753,1191,434
754,1191,434
755,1191,434
756,1191,434
757,1191,434
758,1191,434
759,1191,434
760,1191,434
761,1191,434
762,1191,434
763,1191,434
764,1191,434
765,1191,434
766,1191,434
767,1191,434
768,1191,434
769,1191,434
770,1191,434
771,1191,434
772,1191,434
773,1191,434
774,1191,434
775,1191,434
776,1191,434
777,1191,434
778,1191,434
779,1191,434
780,1191,434
781,1191,434
782,1191,434
783,1191,434
784,1191,434
785,1191,434
786,1191,434
787,1191,434
788,1191,434
789,1191,434
790,1191,434
791,1191,434
792,1191,434
793,1191,434
794,1191,434
795,1191,434
796,1191,434
797,1191,434
798,1191,434
799,1191,434
800,1191,434
801,1191,434
802,1191,434
803,1191,434
804,1191,434
805,1191,434
806,1191,434
807,1191,434
808,1191,434
809,1191,434
810,1191,434
811,1191,434
812,1191,434
813,1191,434
814,1191,434
815,1191,434
816,1191,434
817,1191,434
818,1191,434
819,1191,434
820,1191,434
821,1191,434
822,1191,432
823,1191,432
824,1191,432
825,1191,432
826,1191,432
827,1191,432
828,1191,432
829,1191,432
830,1191,432
831,1191,432
832,1191,432
833,1191,432
834,1191,432
835,1191,432
836,1191,432
837,1191,432
838,1191,432
839,1191,432
840,1191,432
841,1191,431
842,1191,430
843,1191,429
844,1191,429
845,1191,428
846,1191,427
847,1191,426
848,1191,426
849,1191,426
850,1191,426
851,1191,426
852,1191,425
853,1191,424
854,1191,424
855,1191,423
856,1191,422
857,1191,422
858,1191,422
859,1191,422
860,1191,422
861,1191,422
862,1191,422
863,1191,422
864,1191,422
865,1191,422
866,1191,422
867,1191,422
868,1191,422
869,1191,422
870,1191,422
871,1191,422
872,1191,422
873,1191,422
874,1191,422
875,1191,422
876,1191,422
877,1193,422
878,1195,423
879,1197,424
880,1199,425
881,1201,426
882,1203,427
883,1205,428
884,1207,429
885,1209,429
886,1211,429
887,1213,429
888,1213,429
889,1213,429
890,1213,429
891,1213,429
892,1213,429
893,1213,429
894,1213,429
895,1213,429
896,1213,429
897,1213,429
898,1213,429
899,1213,429
900,1213,429
901,1213,429
902,1213,429
903,1213,428
904,1213,427
905,1213,426
906,1213,424
907,1213,422
908,1213,421
909,1213,420
910,1213,418
911,1213,416
912,1213,414
913,1213,414
914,1213,414
915,1213,414
916,1213,414
917,1213,414
918,1213,414
919,1213,414
920,1213,414
921,1213,414
922,1213,414
923,1213,414
924,1213,414
925,1213,414
926,1213,414
927,1213,414
928,1213,414
929,1213,414
930,1213,414
931,1213,412
932,1213,411
933,1213,410
934,1213,409
935,1213,407
936,1213,406
937,1213,405
938,1213,404
939,1213,403
940,1213,402
941,1213,401
942,1213,400
943,1213,399
944,1213,398
945,1213,397
946,1213,396
947,1213,395
948,1213,394
949,1212,393
950,1211,392
951,1210,391
952,1209,390
953,1208,389
954,1207,388
955,1206,387
956,1205,386
957,1204,385
958,1204,385
959,1204,385
960,1204,385
961,1204,385
962,1204,383
963,1204,381
964,1204,380
965,1204,379
966,1204,378
967,1204,377
968,1204,375
969,1204,374
970,1204,373
971,1204,371
972,1204,370
973,1204,369
974,1204,367
975,1204,366
976,1204,365
977,1204,364
978,1204,363
979,1204,362
980,1204,361
981,1204,359
982,1204,358
983,1204,357
984,1204,356
985,1204,355
986,1204,354
987,1204,352
988,1204,351
989,1204,350
990,1204,348
991,1204,346
992,1204,344
993,1204,344
994,1204,344
995,1204,344
996,1204,344
997,1204,344
998,1204,344
999,1204,344
1000,1204,344
1001,1204,344
1002,1204,344
1003,1204,344
1004,1204,344
1005,1204,344
1006,1204,344
1007,1204,344
1008,1204,344
1009,1204,344
1010,1204,344
1011,1204,344
1012,1204,344
1013,1204,344
1014,1204,344
1015,1204,344
1016,1204,344
1017,1204,344
1018,1204,344
1019,1204,344
1020,1204,344
1021,1204,344
1022,1204,344
1023,1204,344
1024,1204,344
1025,1204,342
1026,1204,340
1027,1204,339
1028,1204,337
1029,1204,335
1030,1204,333
1031,1204,333
1032,1204,331
1033,1204,329
1034,1204,327
1035,1204,325
1036,1204,323
1037,1204,321
1038,1204,319
1039,1204,317
1040,1204,315
1041,1204,313
1042,1204,311
1043,1204,309
1044,1204,307
1045,1204,305
1046,1204,303
1047,1204,301
1048,1204,299
1049,1204,297
1050,1204,295
1051,1204,293
1052,1204,291
1053,1204,291
1054,1204,291
1055,1204,291
1056,1204,291
1057,1204,291
1058,1204,291
1059,1204,291
1060,1204,291
1061,1204,291
1062,1204,291
1063,1204,291
1064,1204,291
1065,1204,291
1066,1204,291
1067,1204,291
1068,1204,291
1069,1204,291
1070,1204,291
1071,1204,291
1072,1204,291
1073,1204,291
1074,1204,291
1075,1204,291
1076,1204,291
1077,1204,291
1078,1204,291
1079,1204,291
1080,1204,291
1081,1204,291
1082,1204,291
1083,1203,290
1084,1202,289
1085,1201,288
1086,1200,287
1087,1199,286
1088,1198,285
1089,1197,284
1090,1196,283
1091,1195,282
1092,1194,281
1093,1193,280
1094,1192,279
1095,1192,279
1096,1192,279
1097,1190,279
1098,1190,279
1099,1190,279
1100,1190,279
1101,1190,279
1102,1190,279
1103,1190,279
1104,1190,279
1105,1190,279
1106,1189,279
1107,1188,279
1108,1187,279
1109,1186,279
1110,1185,279
1111,1184,279
1112,1184,279
1113,1184,279
1114,1184,279
1115,1182,279
1116,1180,279
1117,1178,279
1118,1178,279
1119,1178,279
1120,1178,279
1121,1178,279
1122,1178,279
1123,1178,279
1124,1178,279
1125,1178,279
1126,1178,279
1127,1178,279
1128,1178,279
1129,1177,279
1130,1176,279
1131,1175,279
1132,1174,279
1133,1173,279
1134,1172,279
1135,1171,279
1136,1169,279
1137,1169,279
1138,1169,279
1139,1169,279
1140,1169,279
1141,1169,279
1142,1169,279
1143,1169,279
1144,1169,279
1145,1169,279
1146,1169,279
1147,1169,279
1148,1169,279
1149,1169,279
1150,1169,279
1151,1169,279
1152,1168,279
1153,1167,279
1154,1166,279
1155,1165,279
1156,1164,279
1157,1163,279
1158,1162,279
1159,1161,279
1160,1159,279
1161,1159,279
1162,1159,279
1163,1159,279
1164,1159,279
1165,1159,279
1166,1159,279
1167,1158,279
1168,1157,279
1169,1156,279
1170,1155,279
1171,1154,279
1172,1153,279
1173,1152,279
1174,1152,279
1175,1151,279
1176,1150,279
1177,1149,279
1178,1148,279
1179,1147,279
1180,1146,279
1181,1145,279
1182,1144,279
1183,1143,279
1184,1142,279
1185,1141,279
1186,1140,279
1187,1139,279
1188,1138,279
1189,1138,279
1190,1138,279
1191,1138,279
1192,1138,279
1193,1138,279
1194,1138,279
1195,1138,279
1196,1138,279
1197,1138,279
1198,1138,279
1199,1138,279
1200,1138,279
1201,1138,279
1202,1137,279
1203,1136,279
1204,1135,279
1205,1134,279
1206,1133,279
1207,1132,279
1208,1131,279
1209,1130,279
1210,1129,279
1211,1128,279
1212,1127,279
1213,1127,279
1214,1127,279
1215,1127,279
1216,1127,279
1217,1127,279
1218,1127,279
1219,1127,279
1220,1127,279
1221,1127,279
1222,1127,279
1223,1127,279
1224,1127,279
1225,1127,279
1226,1127,279
1227,1126,279
1228,1125,279
1229,1124,279
1230,1123,279
1231,1122,279
1232,1121,279
1233,1120,279
1234,1118,279
1235,1116,279
1236,1116,279
1237,1116,279
1238,1116,279
1239,1116,279
1240,1116,279
1241,1116,279
1242,1116,279
1243,1116,279
1244,1116,279
1245,1116,279
1246,1116,279
1247,1116,279
1248,1116,279
1249,1116,279
1250,1116,279
1251,1116,279
1252,1116,279
1253,1116,279
1254,1116,279
1255,1116,279
1256,1116,279
1257,1116,279
1258,1116,279
1259,1116,279
1260,1116,279
1261,1116,279
1262,1116,279
1263,1116,279
1264,1116,279
1265,1116,279
1266,1116,279
1267,1116,279
1268,1116,279
1269,1116,279
1270,1116,279
1271,1115,281
1272,1114,283
1273,1113,285
1274,1112,287
1275,1111,289
1276,1110,290
1277,1109,291
1278,1108,292
1279,1107,293
1280,1106,294
1281,1105,295
1282,1104,296
1283,1103,297
1284,1102,298
1285,1101,299
1286,1100,300
1287,1099,301
1288,1099,301
1289,1099,301
1290,1099,301
1291,1099,301
1292,1099,301
1293,1099,301
1294,1099,301
1295,1099,301
1296,1099,301
1297,1099,301
1298,1099,301
1299,1099,301
1300,1099,301
1301,1099,301
1302,1099,301
1303,1099,301
1304,1099,301
1305,1099,301
1306,1099,301
1307,1099,301
1308,1099,301
1309,1099,301
1310,1099,301
1311,1099,301
1312,1099,301
1313,1099,301
1314,1099,301
1315,1099,301
1316,1099,301
1317,1099,301
1318,1099,301
1319,1099,301
1320,1099,301
1321,1099,301
1322,1099,301
1323,1099,301
1324,1099,301
1325,1099,301
1326,1098,301
1327,1097,301
1328,1096,301
1329,1095,301
1330,1094,301
1331,1093,301
1332,1092,301
1333,1091,301
1334,1090,301
1335,1089,301
1336,1088,301
1337,1087,301
1338,1086,301
1339,1085,301
1340,1084,301
1341,1083,301
1342,1082,301
1343,1081,301
1344,1080,301
1345,1079,301
1346,1078,301
1347,1077,301
1348,1076,301
1349,1075,301
1350,1074,301
1351,1073,301
1352,1072,301
1353,1071,301
1354,1070,301
1355,1069,301
1356,1068,301
1357,1067,301
1358,1066,301
1359,1065,301
1360,1064,301
1361,1063,301
1362,1062,301
1363,1061,301
1364,1060,301
1365,1059,301
1366,1058,301
1367,1057,301
1368,1056,301
1369,1055,301
1370,1054,301
1371,1053,301
1372,1052,301
1373,1051,301
1374,1050,301
1375,1049,301
1376,1048,301
1377,1047,301
1378,1046,301
1379,1045,301
1380,1044,301
1381,1043,301
1382,1042,301
1383,1041,301
1384,1040,301
1385,1039,301
1386,1038,301
1387,1037,301
1388,1036,301
1389,1035,301
1390,1034,301
1391,1033,301
1392,1032,301
1393,1031,301
1394,1030,301
1395,1029,301
1396,1028,301
1397,1027,301
1398,1026,301
1399,1025,301
1400,1024,301
1401,1023,301
1402,1022,301
1403,1021,301
1404,1020,301
1405,1019,301
1406,1018,301
1407,1017,301
1408,1016,301
1409,1015,301
1410,1014,301
1411,1013,301
1412,1012,301
1413,1011,301
1414,1010,301
1415,1009,301
1416,1008,301
1417,1007,301
1418,1006,301
1419,1005,301
1420,1004,301
1421,1003,301
1422,1002,301
1423,1001,301
1424,1000,301
1425,999,301
1426,998,301
1427,997,301
1428,996,301
1429,995,301
1430,994,301
1431,993,301
1432,992,301
1433,991,301
1434,990,301
1435,989,301
1436,988,301
1437,987,301
1438,986,301
1439,985,301
1440,984,301
1441,983,301
1442,982,301
1443,981,301
1444,980,301
1445,979,301
1446,978,301
1447,977,301
1448,976,301
1449,975,301
1450,974,301
1451,973,301
1452,972,301
1453,971,301
1454,970,301
1455,969,301
1456,968,301
1457,967,301
1458,966,301
1459,965,301
1460,964,301
1461,963,301
1462,962,301
1463,961,301
1464,960,301
1465,959,301
1466,958,301
1467,957,301
1468,956,301
1469,955,301
1470,954,301
1471,953,301
1472,952,301
1473,951,301
1474,950,301
1475,949,301
1476,948,301
1477,947,301
1478,946,301
1479,945,301
1480,944,301
1481,943,301
1482,942,301
1483,941,301
1484,940,301
1485,939,301
1486,938,301
1487,937,301
1488,936,301
1489,935,301
1490,934,301
1491,933,301
1492,932,301
1493,931,301
1494,930,301
1495,929,301
1496,928,301
1497,927,301
1498,926,301
1499,925,301
1500,924,301
1501,923,301
1502,922,301
1503,921,301
1504,920,301
1505,919,301
1506,918,301
1507,917,301
1508,916,301
1509,915,301
1510,914,301
1511,913,301
1512,912,301
1513,911,301
1514,910,301
1515,909,301
1516,908,301
1517,907,301
1518,906,301
1519,905,301
1520,904,301
1521,903,301
1522,902,301
1523,901,301
1524,900,301
1525,899,301
1526,898,301
1527,897,301
1528,896,301
1529,895,301
1530,894,301
1531,893,301
1532,892,301
1533,891,301
1534,890,301
1535,889,301
1536,888,301
1537,887,301
1538,886,301
1539,885,301
1540,884,301
1541,883,301
1542,882,301
1543,881,301
1544,880,301
1545,879,301
1546,878,301
1547,877,301
1548,876,301
1549,875,301
1550,874,301
1551,873,301
1552,872,301
1553,871,301
1554,870,301
1555,869,301
1556,868,301
1557,867,301
1558,866,301
1559,865,301
1560,864,301
1561,863,301
1562,862,301
1563,861,301
1564,860,301
1565,859,301
1566,858,301
1567,857,301
1568,856,301
1569,855,301
1570,854,301
1571,853,301
1572,852,301
1573,851,301
1574,850,301
1575,849,301
1576,848,301
1577,847,301
1578,846,301
1579,845,301
1580,844,301
1581,843,301
1582,842,301
1583,841,301
1584,840,301
1585,839,301
1586,838,301
1587,837,301
1588,836,301
1589,835,301
1590,834,301
1591,833,301
1592,832,301
1593,831,301
1594,830,301
1595,829,301
1596,828,301
1597,827,301
1598,826,301
1599,825,301
1600,824,301
1601,823,301
1602,822,301
1603,821,301
1604,820,301
1605,819,301
1606,818,301
1607,817,301
1608,816,301
1609,815,301
1610,814,301
1611,813,301
1612,812,301
1613,811,301
1614,810,301
1615,809,301
1616,808,301
1617,807,301
1618,806,301
1619,805,301
1620,804,301
1621,803,301
1622,802,301
1623,801,301
1624,800,301
1625,799,301
1626,798,301
1627,797,301
1628,796,301
1629,795,301
1630,794,301
1631,793,301
1632,792,301
1633,791,301
1634,790,301
1635,789,301
1636,788,301
1637,787,301
1638,786,301
1639,785,301
1640,784,301
1641,783,301
1642,782,301
1643,781,301
1644,780,301
1645,779,301
1646,778,301
1647,777,301
1648,776,301
1649,775,301
1650,774,301
1651,773,301
1652,772,301
1653,771,301
1654,770,301
1655,769,301
1656,768,301
1657,767,301
1658,766,301
1659,765,301
1660,764,301
1661,763,301
1662,762,301
1663,761,301
1664,760,301
1665,759,301
1666,758,301
1667,757,301
1668,756,301
1669,755,301
1670,754,301
1671,753,301
1672,752,301
1673,751,301
1674,750,301
1675,749,301
1676,749,301
1677,749,301
1678,748,301
1679,747,301
1680,746,301
1681,745,301
1682,744,301
1683,743,301
1684,742,301
1685,741,301
1686,740,301
1687,739,301
1688,738,301
1689,737,301
1690,736,301
1691,735,301
1692,734,301
1693,733,301
1694,732,301
1695,731,301
1696,730,301
1697,729,301
1698,728,301
1699,727,301
1700,726,301
1701,725,301
1702,724,301
1703,723,301
1704,722,301
1705,721,301
1706,720,301
1707,719,301
1708,718,301
1709,718,301
1710,718,301
1711,718,301
1712,718,301
1713,718,301
1714,718,301
1715,718,301
1716,718,301
1717,717,301
1718,717,301
1719,717,301
1720,717,301
1721,717,301
1722,717,301
1723,717,301
1724,717,301
1725,717,301
1726,717,301
1727,717,301
1728,717,301
1729,717,301
1730,717,301
1731,717,301
1732,717,301
1733,716,300
1734,715,299
1735,714,298
1736,713,297
1737,712,296
1738,711,296
1739,710,296
1740,709,295
1741,708,294
1742,707,293
1743,706,292
1744,705,291
1745,704,290
1746,703,289
1747,702,288
1748,701,287
1749,700,286
1750,699,285
1751,698,284
1752,697,283
1753,696,282
1754,695,281
1755,694,280
1756,693,279
1757,692,278
1758,691,277
1759,690,276
1760,689,275
1761,688,274
1762,687,273
1763,686,272
1764,685,271
1765,684,270
1766,683,270
1767,682,270
1768,681,270
1769,680,270
1770,679,269
1771,678,268
1772,677,267
1773,676,266
1774,676,266
1775,676,266
1776,676,266
1777,676,266
1778,676,266
1779,676,266
1780,676,266
1781,676,266
1782,676,266
1783,676,266
1784,676,266
1785,676,266
1786,676,266
1787,675,265
1788,674,264
1789,674,264
1790,674,264
1791,674,263
1792,674,262
1793,674,262
1794,674,262
1795,674,262
1796,674,262
1797,673,261
1798,672,260
1799,672,260
1800,672,260
1801,672,260
1802,672,260
1803,672,260
1804,672,260
1805,672,260
1806,672,260
1807,672,260
1808,672,260
1809,672,260
1810,672,260
1811,672,260
1812,672,260
1813,672,260
1814,672,260
1815,672,260
1816,672,260
1817,672,260
1818,672,260
1819,672,260
1820,672,260
1821,672,260
1822,672,260
1823,671,259
1824,671,257
1825,671,256
1826,671,255
1827,671,254
1828,671,253
1829,671,252
1830,671,251
1831,671,250
1832,671,249
1833,671,248
1834,671,247
1835,671,246
1836,671,245
1837,671,244
1838,671,243
1839,671,242
1840,671,242
1841,671,242
1842,671,242
1843,671,242
1844,671,242
1845,671,242
1846,671,242
1847,671,242
1848,671,242
1849,671,242
1850,671,242
1851,671,242
1852,671,242
1853,671,242
1854,671,242
1855,671,242
1856,671,242
1857,671,242
1858,671,242
1859,671,242
1860,671,241
1861,671,240
1862,671,240
1863,671,239
1864,671,239
1865,671,239
1866,671,239
1867,671,239
1868,671,239
1869,671,239
1870,671,238
1871,671,238
1872,671,238
1873,671,238
1874,671,238
1875,671,238
1876,671,238
1877,671,238
1878,671,238
1879,671,238
1880,671,238
1881,671,238
1882,671,238
1883,671,238
1884,671,238
1885,671,238
1886,671,238
1887,671,238
1888,671,238
1889,671,238
1890,671,238
1891,671,238
1892,671,238
1893,671,238
1894,671,238
1895,671,238
1896,671,238
1897,671,238
1898,671,238
1899,671,238
1900,671,238
1901,671,238
1902,671,238
1903,671,238
1904,671,238
1905,671,238
1906,671,238
1907,671,238
1908,671,238
1909,671,238
1910,671,238
1911,671,238
1912,671,238
1913,671,238
1914,671,238
1915,671,238
1916,671,238
1917,671,238
1918,671,238
1919,671,238
1920,671,238
1921,671,238
1922,671,238
1923,671,238
1924,671,238
1925,671,238
1926,669,238
1927,667,238
1928,667,238
1929,665,238
1930,663,238
1931,661,238
1932,659,238
1933,657,238
1934,657,238
1935,657,238
1936,657,238
1937,657,238
1938,657,238
1939,657,238
1940,657,238
1941,655,238
1942,654,238
1943,653,238
1944,653,238
1945,653,238
1946,653,238
1947,652,238
1948,652,238
1949,652,238
1950,652,238
1951,652,238
1952,652,238
1953,652,238
1954,652,238
1955,652,238
1956,652,238
1957,652,238
1958,652,238
1959,652,238
1960,652,238
1961,652,238
1962,652,238
1963,652,238
1964,652,238
1965,652,238
1966,652,238
1967,652,238
1968,651,238
1969,650,238
1970,649,238
1971,648,238
1972,647,238
1973,647,238
1974,646,238
1975,645,238
1976,644,238
1977,643,238
1978,642,238
1979,641,238
1980,639,238
1981,639,238
1982,637,238
1983,635,238
1984,633,238
1985,633,238
1986,633,238
1987,633,238
1988,633,238
1989,633,238
1990,633,238
1991,632,238
1992,631,238
1993,630,238
1994,629,238
1995,628,238
1996,627,238
1997,626,238
1998,624,238
1999,622,238
2000,620,238
2001,618,238
2002,616,238
2003,614,238
2004,614,238
2005,614,238
2006,614,238
2007,612,238
2008,612,238
2009,612,238
2010,611,238
2011,610,238
2012,609,238
2013,608,238
2014,607,238
2015,606,238
2016,605,238
2017,604,238
2018,603,238
2019,602,238
2020,601,238
2021,601,238
2022,601,238
2023,601,238
2024,601,238
2025,601,238
2026,601,238
2027,601,238
2028,601,238
2029,600,238
2030,599,238
2031,598,238
2032,597,238
2033,596,238
2034,596,238
2035,596,238
2036,596,238
2037,596,238
2038,596,238
2039,596,238
2040,596,238
2041,596,238
2042,596,238
2043,596,238
2044,596,238
2045,596,238
2046,596,238
2047,596,238
2048,596,240
2049,596,242
2050,596,244
2051,596,246
2052,596,248
2053,596,250
2054,596,252
2055,596,254
2056,596,256
2057,596,258
2058,596,260
2059,596,262
2060,596,264
2061,596,266
2062,596,268
2063,595,269
2064,594,270
2065,593,271
2066,592,272
2067,591,273
2068,590,274
2069,590,275
2070,590,276
2071,590,278
2072,590,280
2073,590,282
2074,590,284
2075,590,286
2076,590,288
2077,590,290
2078,590,292
2079,590,294
2080,590,296
2081,590,298
2082,590,300
2083,590,302
2084,590,304
2085,590,306
2086,590,308
2087,590,310
2088,590,312
2089,590,314
2090,590,316
2091,590,318
2092,589,319
2093,588,320
2094,587,321
2095,586,322
2096,585,323
2097,584,324
2098,583,325
2099,582,326
2100,581,327
2101,580,328
2102,579,329
2103,578,330
2104,577,331
2105,576,332
2106,576,333
2107,576,334
2108,576,336
2109,576,338
2110,576,340
2111,576,342
2112,576,344
2113,576,346
2114,576,348
2115,576,350
2116,576,352
2117,576,354
2118,576,356
2119,576,358
2120,576,360
2121,576,362
2122,576,364
2123,576,366
2124,576,368
2125,576,370
2126,576,372
2127,575,373
2128,574,374
2129,573,375
2130,572,376
2131,571,377
2132,570,378
2133,569,379
2134,568,380
2135,567,381
2136,566,382
2137,565,383
2138,564,384
2139,563,385
2140,562,386
2141,561,387
2142,560,388
2143,559,389
2144,558,390
2145,557,391
2146,556,392
2147,555,393
2148,555,395
2149,555,397
2150,555,399
2151,555,401
2152,555,403
2153,555,405
2154,555,407
2155,555,409
2156,555,411
2157,555,412
2158,555,414
2159,555,416
2160,555,418
2161,555,420
2162,555,422
2163,555,424
2164,555,426
2165,555,428
2166,555,428
2167,555,428
2168,555,430
2169,555,432
2170,555,434
2171,555,436
2172,555,438
2173,555,440
2174,555,442
2175,555,444
2176,555,446
2177,555,448
2178,555,450
2179,555,452
2180,555,454
2181,555,456
2182,555,458
2183,555,460
2184,555,462
2185,555,464
2186,555,466
2187,555,468
2188,555,470
2189,555,472
2190,555,474
2191,555,476
2192,555,478
2193,555,480
2194,555,482
2195,555,484
2196,555,486
2197,555,488
2198,555,490
2199,555,492
2200,555,494
2201,555,496
2202,555,496
2203,555,496
2204,555,496
2205,555,496
2206,555,498
2207,554,500
2208,554,502
2209,554,504
2210,554,506
2211,554,508
2212,554,510
2213,554,512
2214,554,514
2215,554,516
2216,554,518
2217,554,520
2218,554,522
2219,554,524
2220,554,526
2221,554,528
2222,554,530
2223,554,532
2224,554,534
2225,554,534
2226,554,536
2227,554,538
2228,554,538
2229,554,538
2230,554,538
2231,554,538
2232,554,540
2233,554,542
2234,554,544
2235,554,544
2236,555,546
2237,555,548
2238,555,550
2239,555,552
2240,555,554
2241,555,556
2242,554,557
2243,554,559
2244,554,561
2245,554,563
2246,553,564
2247,552,565
2248,551,566
2249,550,567
2250,549,568
2251,548,569
2252,547,571
2253,547,573
2254,546,574
2255,545,575
2256,546,577
2257,547,579
2258,548,581
2259,549,583
2260,550,585
2261,551,587
2262,552,589
2263,553,591
2264,554,593
2265,555,595
2266,556,597
2267,555,597
2268,556,599
2269,557,601
2270,558,603
2271,559,605
2272,557,605
2273,555,605
2274,556,607
2275,554,607
2276,552,607
2277,553,609
2278,554,611
2279,555,613
2280,556,615
2281,557,617
2282,557,617
2283,557,617
2284,557,617
2285,557,617
2286,557,617
2287,557,617
2288,557,617
2289,557,617
2290,557,617
2291,557,617
2292,557,617
2293,557,617
2294,557,617
2295,557,617
2296,557,617
2297,557,617
2298,557,617
2299,559,619
2300,559,619
2301,559,619
2302,559,619
2303,559,619
2304,559,619
2305,559,619
2306,559,619
2307,559,619
2308,559,619
2309,559,619
2310,559,619
2311,559,619
2312,559,619
2313,559,619
2314,559,619
2315,559,619
2316,559,619
2317,560,621
2318,561,623
2319,562,625
2320,563,627
2321,564,629
2322,565,631
2323,566,633
2324,567,635
2325,568,637
2326,569,639
2327,570,641
2328,571,643
2329,572,645
2330,573,647
2331,574,649
2332,575,651
2333,576,653
2334,577,655
2335,578,657
2336,579,659
2337,580,661
2338,581,663
2339,582,665
2340,583,667
2341,584,669
2342,585,671
2343,586,673
2344,587,675
2345,589,676
2346,591,677
2347,592,678
2348,593,679
2349,594,681
2350,595,683
2351,596,684
2352,597,685
2353,598,686
2354,600,687
2355,602,687
2356,604,688
2357,606,689
2358,608,689
2359,610,689
2360,610,689
2361,612,689
2362,614,689
2363,616,689
2364,618,689
2365,620,690
2366,622,691
2367,624,692
2368,626,693
2369,628,694
