,pos_X,pos_Y
0,540,595
1,540,595
2,540,595
3,540,595
4,540,595
5,542,595
6,544,595
7,544,595
8,544,595
9,544,595
10,544,595
11,549,599
12,555,603
13,560,607
14,565,611
15,570,615
16,575,619
17,581,623
18,587,626
19,593,628
20,599,631
21,605,634
22,610,637
23,615,640
24,621,644
25,621,644
26,621,644
27,621,644
28,621,644
29,628,648
30,634,652
31,634,652
32,634,652
33,634,652
34,634,652
35,634,652
36,634,652
37,634,652
38,634,652
39,634,652
40,634,652
41,634,652
42,634,652
43,634,652
44,634,652
45,634,652
46,634,652
47,634,652
48,633,656
49,632,660
50,632,660
51,632,660
52,632,660
53,632,660
54,632,660
55,632,660
56,632,660
57,632,660
58,632,660
59,632,660
60,632,660
61,632,660
62,632,660
63,632,660
64,632,660
65,632,660
66,632,660
67,632,660
68,632,660
69,632,660
70,632,660
71,632,660
72,632,660
73,632,660
74,632,660
75,632,660
76,632,660
77,632,660
78,637,658
79,641,656
80,645,654
81,649,652
82,654,650
83,658,646
84,662,642
85,665,638
86,668,634
87,672,631
88,676,628
89,680,625
90,680,625
91,680,625
92,680,625
93,680,625
94,680,625
95,680,625
96,680,625
97,680,625
98,680,625
99,680,625
100,680,625
101,680,625
102,680,625
103,680,625
104,680,625
105,680,625
106,680,625
107,680,625
108,680,625
109,680,625
110,680,625
111,680,625
112,680,625
113,680,625
114,680,625
115,685,621
116,690,617
117,694,613
118,698,610
119,703,607
120,707,603
121,711,599
122,715,597
123,719,594
124,723,591
125,727,589
126,731,586
127,731,586
128,731,586
129,731,586
130,731,586
131,731,586
132,731,586
133,731,586
134,731,586
135,731,586
136,731,586
137,731,586
138,731,586
139,731,586
140,731,586
141,731,586
142,731,586
143,731,586
144,731,586
145,728,592
146,728,592
147,725,597
148,725,597
149,725,597
150,725,597
151,725,597
152,722,604
153,719,611
154,716,617
155,716,617
156,712,622
157,712,622
158,712,622
159,712,622
160,712,622
161,712,622
162,712,622
163,712,622
164,712,622
165,712,622
166,712,622
167,712,622
168,712,622
169,712,622
170,712,622
171,712,622
172,712,622
173,712,622
174,712,622
175,712,622
176,712,622
177,712,622
178,712,622
179,712,622
180,712,622
181,712,622
182,712,622
183,712,622
184,712,622
185,712,622
186,712,622
187,712,622
188,712,622
189,712,622
190,712,622
191,712,622
192,712,622
193,712,622
194,712,622
195,712,622
196,712,622
197,712,622
198,712,622
199,712,622
200,712,622
201,712,622
202,712,622
203,712,622
204,712,622
205,712,622
206,712,622
207,712,622
208,712,622
209,712,622
210,712,622
211,712,622
212,712,622
213,712,622
214,712,622
215,712,622
216,712,622
217,712,622
218,712,622
219,712,622
220,712,622
221,712,622
222,710,628
223,710,628
224,710,628
225,710,628
226,710,628
227,710,628
228,710,628
229,710,628
230,713,628
231,716,628
232,719,628
233,722,628
234,725,628
235,728,628
236,731,628
237,734,628
238,737,628
239,740,628
240,743,628
241,743,628
242,743,628
243,743,628
244,743,628
245,743,628
246,743,628
247,743,628
248,743,628
249,743,628
250,743,628
251,743,628
252,743,628
253,743,628
254,743,628
255,743,628
256,743,628
257,743,628
258,743,628
259,743,628
260,741,629
261,739,630
262,737,631
263,735,632
264,733,633
265,731,634
266,729,635
267,727,636
268,725,637
269,723,638
270,721,639
271,719,640
272,717,641
273,715,642
274,713,643
275,711,644
276,709,645
277,707,646
278,705,647
279,703,648
280,701,649
281,699,650
282,697,651
283,695,652
284,693,653
285,691,654
286,688,655
287,688,655
288,688,655
289,688,655
290,688,655
291,688,655
292,688,655
293,688,655
294,688,655
295,688,655
296,688,655
297,688,655
298,688,655
299,688,655
300,688,655
301,688,655
302,688,655
303,688,655
304,688,655
305,688,655
306,688,655
307,688,655
308,688,655
309,688,655
310,688,655
311,688,655
312,686,660
313,686,660
314,686,660
315,686,660
316,686,660
317,686,660
318,686,660
319,686,660
320,686,660
321,686,660
322,686,660
323,686,660
324,686,660
325,686,660
326,686,660
327,686,660
328,686,660
329,686,660
330,686,660
331,684,664
332,684,664
333,684,664
334,689,664
335,692,665
336,695,666
337,698,667
338,701,668
339,704,669
340,710,669
341,710,669
342,710,669
343,710,669
344,710,669
345,710,669
346,707,673
347,707,673
348,707,673
349,707,673
350,707,673
351,707,673
352,707,673
353,707,673
354,707,673
355,707,673
356,707,673
357,705,678
358,705,678
359,705,678
360,705,678
361,705,678
362,705,678
363,705,678
364,705,678
365,705,678
366,705,678
367,705,678
368,705,678
369,705,678
370,705,678
371,705,678
372,705,678
373,705,678
374,705,678
375,705,678
376,705,678
377,705,678
378,705,678
379,705,678
380,705,678
381,705,678
382,705,678
383,705,678
384,705,678
385,705,678
386,705,678
387,705,678
388,705,678
389,705,678
390,705,678
391,705,678
392,705,678
393,706,671
394,706,664
395,705,658
396,705,652
397,705,646
398,705,640
399,705,640
400,706,634
401,706,634
402,706,634
403,706,634
404,706,634
405,706,634
406,706,634
407,706,634
408,706,634
409,706,634
410,706,634
411,706,634
412,706,634
413,706,634
414,706,634
415,706,634
416,706,634
417,706,634
418,706,634
419,706,634
420,706,634
421,713,636
422,721,637
423,721,637
424,721,637
425,721,637
426,721,637
427,721,637
428,721,637
429,721,637
430,721,637
431,721,637
432,721,637
433,721,637
434,721,637
435,723,637
436,725,637
437,727,637
438,727,637
439,727,637
440,727,637
441,727,637
442,727,637
443,727,637
444,727,637
445,729,633
446,731,632
447,733,631
448,735,630
449,737,630
450,739,630
451,741,630
452,741,630
453,741,630
454,741,630
455,741,630
456,743,630
457,743,630
458,743,630
459,743,630
460,743,630
461,743,630
462,743,630
463,743,630
464,743,630
465,743,630
466,743,630
467,743,630
468,743,630
469,743,630
470,743,630
471,743,630
472,742,635
473,741,640
474,741,640
475,740,645
476,739,650
477,739,650
478,739,650
479,739,650
480,739,650
481,740,646
482,741,642
483,742,638
484,744,634
485,746,630
486,748,626
487,750,622
488,752,618
489,754,614
490,756,610
491,756,610
492,755,615
493,755,621
494,754,626
495,754,632
496,754,632
497,754,637
498,754,637
499,754,642
500,754,647
501,754,647
502,754,647
503,757,643
504,760,639
505,762,635
506,764,631
507,766,627
508,768,623
509,771,619
510,774,615
511,776,611
512,778,607
513,781,602
514,781,602
515,781,602
516,781,602
517,781,602
518,781,602
519,781,602
520,781,602
521,781,602
522,781,602
523,781,602
524,781,602
525,781,602
526,781,602
527,781,602
528,784,601
529,787,600
530,790,599
531,793,598
532,796,597
533,799,596
534,802,595
535,805,594
536,808,593
537,812,594
538,815,593
539,818,592
540,821,591
541,825,592
542,825,592
543,825,592
544,829,593
545,833,594
546,837,595
547,840,594
548,843,593
549,846,592
550,849,591
551,852,590
552,855,589
553,858,588
554,861,587
555,864,586
556,867,585
557,870,584
558,873,583
559,876,582
560,879,581
561,882,580
562,885,579
563,888,578
564,891,577
565,894,576
566,897,575
567,900,574
568,903,573
569,906,572
570,909,571
571,912,570
572,915,569
573,915,569
574,915,569
575,915,569
576,915,569
577,915,569
578,915,569
579,915,569
580,915,569
581,915,569
582,915,569
583,915,569
584,915,569
585,915,569
586,913,571
587,911,573
588,909,575
589,907,577
590,905,579
591,903,581
592,901,583
593,899,585
594,897,587
595,895,591
596,893,593
597,891,595
598,889,597
599,887,599
600,885,601
601,883,603
602,883,603
603,881,604
604,879,606
605,879,606
606,879,606
607,877,610
608,877,610
609,877,610
610,877,610
611,877,610
612,875,615
613,873,620
614,873,620
615,873,620
616,873,620
617,873,620
618,873,620
619,873,620
620,873,620
621,873,620
622,873,620
623,873,620
624,876,620
625,879,620
626,882,620
627,885,620
628,889,621
629,893,622
630,897,623
631,897,623
632,897,623
633,897,623
634,897,623
635,897,623
636,897,623
637,897,623
638,897,623
639,897,623
640,901,624
641,901,624
642,901,624
643,905,625
644,908,626
645,911,627
646,914,628
647,917,629
648,920,629
649,923,630
650,926,631
651,929,632
652,932,633
653,935,633
654,938,634
655,941,635
656,944,635
657,947,635
658,950,635
659,953,635
660,956,635
661,959,635
662,962,634
663,965,634
664,968,634
665,971,634
666,975,634
667,978,633
668,982,633
669,985,632
670,988,631
671,991,630
672,994,629
673,994,629
674,994,629
675,994,629
676,994,629
677,994,629
678,994,629
679,994,629
680,994,629
681,994,629
682,994,629
683,994,629
684,994,629
685,994,629
686,998,630
687,1001,629
688,1004,628
689,1007,627
690,1010,626
691,1014,627
692,1017,626
693,1020,625
694,1024,626
695,1027,625
696,1031,626
697,1034,625
698,1038,626
699,1041,625
700,1045,626
701,1048,625
702,1052,626
703,1055,625
704,1058,624
705,1061,623
706,1064,622
707,1067,621
708,1070,620
709,1075,621
710,1075,621
711,1075,621
712,1075,621
713,1075,621
714,1075,621
715,1075,621
716,1075,621
717,1075,621
718,1075,621
719,1075,621
720,1075,621
721,1075,621
722,1075,621
723,1075,621
724,1068,621
725,1068,621
726,1062,621
727,1056,620
728,1056,620
729,1050,617
730,1050,617
731,1050,617
732,1050,617
733,1050,617
734,1050,617
735,1050,617
736,1050,617
737,1050,617
738,1050,617
739,1050,617
740,1050,617
741,1050,617
742,1050,617
743,1050,617
744,1050,617
745,1050,617
746,1050,617
747,1050,617
748,1050,617
749,1054,617
750,1057,616
751,1061,615
752,1065,614
753,1069,614
754,1073,613
755,1076,612
756,1079,611
757,1082,610
758,1086,609
759,1090,608
760,1094,607
761,1098,607
762,1102,607
763,1102,607
764,1102,607
765,1102,607
766,1102,607
767,1102,607
768,1102,607
769,1102,607
770,1102,607
771,1102,607
772,1102,607
773,1102,607
774,1102,607
775,1102,607
776,1102,607
777,1102,607
778,1102,607
779,1102,607
780,1106,607
781,1103,602
782,1106,600
783,1104,596
784,1108,595
785,1112,593
786,1116,591
787,1120,589
788,1124,587
789,1127,585
790,1130,583
791,1133,581
792,1137,579
793,1140,577
794,1143,575
795,1147,573
796,1151,571
797,1154,570
798,1154,570
799,1154,570
800,1154,570
801,1154,570
802,1154,570
803,1154,570
804,1154,570
805,1154,570
806,1154,570
807,1154,570
808,1154,570
809,1154,570
810,1154,570
811,1154,570
812,1154,570
813,1154,570
814,1154,570
815,1154,570
816,1152,567
817,1150,565
818,1148,563
819,1146,561
820,1144,559
821,1142,557
822,1140,555
823,1138,553
824,1136,551
825,1138,548
826,1140,545
827,1142,543
828,1145,541
829,1145,541
830,1145,541
831,1145,541
832,1145,541
833,1145,541
834,1145,541
835,1145,541
836,1145,541
837,1145,541
838,1145,541
839,1145,541
840,1145,541
841,1145,541
842,1143,536
843,1141,533
844,1139,530
845,1138,527
846,1137,523
847,1136,519
848,1134,516
849,1132,513
850,1130,511
851,1132,508
852,1134,505
853,1137,502
854,1137,502
855,1137,502
856,1137,502
857,1137,502
858,1137,502
859,1137,502
860,1137,502
861,1137,502
862,1137,502
863,1137,502
864,1137,502
865,1137,502
866,1137,502
867,1137,502
868,1137,502
869,1137,502
870,1137,502
871,1137,502
872,1137,502
873,1137,502
874,1140,506
875,1143,510
876,1146,514
877,1149,518
878,1152,522
879,1156,526
880,1159,530
881,1162,534
882,1165,538
883,1170,543
884,1170,543
885,1170,543
886,1170,543
887,1170,543
888,1170,543
889,1170,543
890,1170,543
891,1170,543
892,1170,543
893,1168,540
894,1165,538
895,1162,536
896,1159,534
897,1156,532
898,1154,530
899,1152,528
900,1150,525
901,1150,525
902,1150,525
903,1150,525
904,1150,525
905,1150,525
906,1150,525
907,1150,525
908,1150,525
909,1150,525
910,1150,525
911,1150,525
912,1150,525
913,1150,525
914,1150,525
915,1150,525
916,1150,525
917,1150,525
918,1150,525
919,1150,525
920,1150,525
921,1154,523
922,1158,520
923,1162,517
924,1166,514
925,1169,511
926,1172,508
927,1175,505
928,1178,503
929,1181,501
930,1184,499
931,1187,497
932,1191,495
933,1191,495
934,1191,495
935,1191,495
936,1191,495
937,1191,495
938,1191,495
939,1191,495
940,1191,495
941,1191,495
942,1191,495
943,1191,495
944,1191,495
945,1191,495
946,1191,495
947,1191,495
948,1191,495
949,1191,495
950,1191,495
951,1191,495
952,1191,495
953,1191,495
954,1191,495
955,1191,495
956,1191,495
957,1191,495
958,1188,491
959,1185,488
960,1182,485
961,1179,482
962,1176,479
963,1173,476
964,1170,473
965,1167,470
966,1164,468
967,1161,466
968,1158,464
969,1155,462
970,1152,459
971,1152,459
972,1152,459
973,1152,459
974,1152,459
975,1152,459
976,1152,459
977,1152,459
978,1152,459
979,1152,459
980,1152,459
981,1152,459
982,1152,459
983,1152,459
984,1152,459
985,1152,459
986,1152,459
987,1152,459
988,1152,459
989,1150,455
990,1149,451
991,1147,447
992,1145,443
993,1144,439
994,1142,435
995,1140,431
996,1138,427
997,1136,423
998,1134,419
999,1132,415
1000,1130,411
1001,1129,407
1002,1127,403
1003,1125,399
1004,1124,394
1005,1124,394
1006,1124,394
1007,1124,394
1008,1124,394
1009,1124,394
1010,1124,394
1011,1124,394
1012,1124,394
1013,1124,394
1014,1124,394
1015,1124,394
1016,1124,394
1017,1124,394
1018,1124,394
1019,1124,394
1020,1127,398
1021,1130,402
1022,1133,406
1023,1136,410
1024,1139,414
1025,1142,418
1026,1145,422
1027,1148,426
1028,1151,430
1029,1154,434
1030,1157,438
1031,1160,442
1032,1163,446
1033,1166,450
1034,1169,454
1035,1172,458
1036,1175,463
1037,1178,468
1038,1181,473
1039,1184,478
1040,1187,483
1041,1190,488
1042,1190,488
1043,1190,488
1044,1187,485
1045,1184,482
1046,1181,479
1047,1177,476
1048,1173,473
1049,1170,470
1050,1167,467
1051,1163,464
1052,1159,461
1053,1156,458
1054,1152,455
1055,1148,452
1056,1144,449
1057,1140,447
1058,1136,445
1059,1132,443
1060,1137,441
1061,1142,439
1062,1147,438
1063,1147,438
1064,1147,438
1065,1147,438
1066,1147,438
1067,1147,438
1068,1147,438
1069,1147,438
1070,1147,438
1071,1147,438
1072,1147,438
1073,1147,438
1074,1147,438
1075,1147,438
1076,1147,438
1077,1147,438
1078,1151,437
1079,1154,436
1080,1157,435
1081,1160,434
1082,1163,433
1083,1166,432
1084,1169,431
1085,1172,430
1086,1175,429
1087,1180,428
1088,1177,425
1089,1174,421
1090,1171,417
1091,1168,412
1092,1168,412
1093,1168,412
1094,1168,412
1095,1168,412
1096,1168,412
1097,1168,412
1098,1168,412
1099,1168,412
1100,1168,412
1101,1168,412
1102,1168,412
1103,1168,412
1104,1168,412
1105,1168,412
1106,1168,412
1107,1168,412
1108,1168,412
1109,1168,412
1110,1168,412
1111,1168,412
1112,1168,412
1113,1168,412
1114,1168,412
1115,1168,412
1116,1168,412
1117,1168,412
1118,1168,412
1119,1168,412
1120,1168,412
1121,1168,412
1122,1168,412
1123,1168,412
1124,1168,412
1125,1168,412
1126,1168,412
1127,1168,412
1128,1168,412
1129,1168,412
1130,1167,408
1131,1166,404
1132,1165,400
1133,1164,396
1134,1162,392
1135,1166,391
1136,1169,389
1137,1172,387
1138,1172,387
1139,1172,387
1140,1172,387
1141,1172,387
1142,1172,387
1143,1172,387
1144,1172,387
1145,1172,387
1146,1172,387
1147,1172,387
1148,1172,387
1149,1172,387
1150,1172,387
1151,1172,387
1152,1172,387
1153,1172,387
1154,1172,387
1155,1172,387
1156,1172,387
1157,1172,387
1158,1172,387
1159,1172,387
1160,1172,387
1161,1172,387
1162,1172,387
1163,1172,387
1164,1172,387
1165,1166,385
1166,1160,383
1167,1160,383
1168,1160,383
1169,1160,383
1170,1156,379
1171,1153,376
1172,1150,373
1173,1147,370
1174,1145,367
1175,1143,365
1176,1141,363
1177,1139,360
1178,1137,357
1179,1135,354
1180,1133,351
1181,1131,348
1182,1129,345
1183,1127,342
1184,1125,339
1185,1123,336
1186,1121,333
1187,1119,331
1188,1117,328
1189,1115,325
1190,1117,323
1191,1114,320
1192,1111,317
1193,1108,313
1194,1108,313
1195,1108,313
1196,1108,313
1197,1108,313
1198,1108,313
1199,1108,313
1200,1108,313
1201,1108,313
1202,1108,313
1203,1108,313
1204,1108,313
1205,1108,313
1206,1108,313
1207,1108,313
1208,1108,313
1209,1108,313
1210,1108,313
1211,1108,313
1212,1108,313
1213,1108,313
1214,1108,313
1215,1108,313
1216,1108,313
1217,1108,313
1218,1108,313
1219,1108,313
1220,1108,313
1221,1108,313
1222,1108,313
1223,1108,313
1224,1111,318
1225,1114,323
1226,1117,328
1227,1120,333
1228,1123,338
1229,1126,343
1230,1129,348
1231,1132,353
1232,1135,358
1233,1138,363
1234,1140,368
1235,1142,373
1236,1145,378
1237,1148,383
1238,1150,388
1239,1152,393
1240,1154,398
1241,1156,403
1242,1158,408
1243,1160,413
1244,1162,419
1245,1164,424
1246,1166,429
1247,1168,434
1248,1170,440
1249,1172,446
1250,1174,452
1251,1176,458
1252,1178,464
1253,1181,469
1254,1184,474
1255,1187,479
1256,1190,484
1257,1193,489
1258,1196,495
1259,1199,501
1260,1202,506
1261,1205,511
1262,1208,516
1263,1211,521
1264,1214,526
1265,1217,531
1266,1220,536
1267,1223,541
1268,1226,546
1269,1226,546
1270,1226,546
1271,1226,546
1272,1226,546
1273,1226,546
1274,1226,546
1275,1226,546
1276,1226,546
1277,1226,546
1278,1226,546
1279,1226,546
1280,1226,546
1281,1226,546
1282,1226,546
1283,1226,546
1284,1224,544
1285,1222,541
1286,1220,538
1287,1215,536
1288,1215,536
1289,1215,536
1290,1215,536
1291,1215,536
1292,1215,536
1293,1215,536
1294,1215,536
1295,1215,536
1296,1215,536
1297,1215,536
1298,1215,536
1299,1215,536
1300,1215,536
1301,1215,536
1302,1215,536
1303,1215,536
1304,1215,536
1305,1215,536
1306,1215,536
1307,1215,536
1308,1213,533
1309,1212,530
1310,1211,527
1311,1210,524
1312,1209,521
1313,1208,517
1314,1207,513
1315,1206,509
1316,1205,506
1317,1207,504
1318,1206,502
1319,1205,498
1320,1204,494
1321,1203,490
1322,1202,485
1323,1202,485
1324,1202,485
1325,1202,485
1326,1202,485
1327,1202,485
1328,1202,485
1329,1202,485
1330,1202,485
1331,1202,485
1332,1202,485
1333,1202,485
1334,1202,485
1335,1202,485
1336,1202,485
1337,1202,485
1338,1202,485
1339,1202,485
1340,1202,485
1341,1202,485
1342,1202,485
1343,1202,485
1344,1202,485
1345,1202,485
1346,1202,485
1347,1202,485
1348,1202,485
1349,1202,485
1350,1202,485
1351,1202,485
1352,1202,485
1353,1202,485
1354,1202,485
1355,1202,485
1356,1205,485
1357,1208,485
1358,1211,485
1359,1214,485
1360,1217,485
1361,1220,484
1362,1223,484
1363,1226,484
1364,1229,484
1365,1229,484
1366,1229,484
1367,1229,484
1368,1229,484
1369,1229,484
1370,1229,484
1371,1229,484
1372,1229,484
1373,1229,484
1374,1229,484
1375,1229,484
1376,1229,484
1377,1229,484
1378,1229,484
1379,1229,484
1380,1229,484
1381,1229,484
1382,1229,484
1383,1229,484
1384,1229,484
1385,1229,484
1386,1229,484
1387,1229,484
1388,1229,484
1389,1229,484
1390,1229,484
1391,1229,484
1392,1229,484
1393,1229,484
1394,1229,484
1395,1229,484
1396,1229,484
1397,1229,484
1398,1229,484
1399,1229,484
1400,1229,484
1401,1229,484
1402,1229,484
1403,1229,484
1404,1229,484
1405,1229,484
1406,1229,484
1407,1229,484
1408,1229,484
1409,1228,479
1410,1227,474
1411,1225,469
1412,1223,464
1413,1221,459
1414,1219,454
1415,1217,449
1416,1215,444
1417,1213,439
1418,1211,433
1419,1209,427
1420,1209,427
1421,1209,427
1422,1209,427
1423,1209,427
1424,1209,427
1425,1209,427
1426,1209,427
1427,1209,427
1428,1209,427
1429,1209,427
1430,1209,427
1431,1209,427
1432,1209,427
1433,1207,422
1434,1204,417
1435,1202,412
1436,1200,407
1437,1198,402
1438,1196,397
1439,1194,392
1440,1192,387
1441,1189,382
1442,1186,377
1443,1184,372
1444,1182,367
1445,1179,362
1446,1176,357
1447,1173,352
1448,1171,347
1449,1168,341
1450,1165,335
1451,1165,335
1452,1165,335
1453,1165,335
1454,1165,335
1455,1165,335
1456,1165,335
1457,1165,335
1458,1165,335
1459,1165,335
1460,1165,335
1461,1165,335
1462,1165,335
1463,1165,335
1464,1165,335
1465,1165,335
1466,1165,335
1467,1165,335
1468,1165,335
1469,1162,335
1470,1159,335
1471,1156,335
1472,1153,335
1473,1150,335
1474,1147,335
1475,1144,335
1476,1141,335
1477,1137,335
1478,1133,334
1479,1128,333
1480,1123,332
1481,1117,331
1482,1112,330
1483,1106,329
1484,1106,329
1485,1106,329
1486,1100,328
1487,1094,327
1488,1094,327
1489,1094,327
1490,1094,327
1491,1094,327
1492,1094,327
1493,1094,327
1494,1094,327
1495,1094,327
1496,1094,327
1497,1094,327
1498,1094,327
1499,1094,327
1500,1094,327
1501,1094,327
1502,1092,325
1503,1090,323
1504,1088,321
1505,1086,320
1506,1085,317
1507,1084,314
1508,1084,310
1509,1084,306
1510,1084,302
1511,1089,298
1512,1095,297
1513,1100,299
1514,1105,301
1515,1107,304
1516,1109,307
1517,1111,310
1518,1114,313
1519,1119,318
1520,1119,318
1521,1121,319
1522,1123,320
1523,1125,321
1524,1127,322
1525,1129,323
1526,1131,324
1527,1133,325
1528,1136,326
1529,1139,327
1530,1142,328
1531,1145,329
1532,1148,330
1533,1151,331
1534,1154,332
1535,1157,333
1536,1160,334
1537,1164,335
1538,1168,336
1539,1172,337
1540,1176,338
1541,1181,339
1542,1187,341
1543,1193,343
1544,1193,343
1545,1193,343
1546,1193,343
1547,1193,343
1548,1193,343
1549,1193,343
1550,1193,343
1551,1193,343
1552,1193,343
1553,1193,343
1554,1193,343
1555,1193,343
1556,1193,343
1557,1193,343
1558,1193,343
1559,1193,343
1560,1193,343
1561,1193,343
1562,1193,343
1563,1193,343
1564,1193,343
1565,1193,343
1566,1193,343
1567,1193,343
1568,1186,344
1569,1179,345
1570,1173,347
1571,1167,349
1572,1160,350
1573,1153,351
1574,1147,353
1575,1141,355
1576,1135,357
1577,1129,359
1578,1124,361
1579,1124,361
1580,1124,361
1581,1124,361
1582,1124,361
1583,1124,361
1584,1124,361
1585,1124,361
1586,1124,361
1587,1124,361
1588,1124,361
1589,1124,361
1590,1124,361
1591,1124,361
1592,1124,361
1593,1124,361
1594,1124,361
1595,1124,361
1596,1124,361
1597,1122,355
1598,1120,349
1599,1119,343
1600,1118,337
1601,1121,335
1602,1124,333
1603,1127,331
1604,1130,329
1605,1134,328
1606,1134,328
1607,1134,328
1608,1134,328
1609,1134,328
1610,1134,328
1611,1134,328
1612,1134,328
1613,1134,328
1614,1134,328
1615,1134,328
1616,1134,328
1617,1134,328
1618,1134,328
1619,1134,328
1620,1134,328
1621,1134,328
1622,1134,328
1623,1134,328
1624,1134,328
1625,1134,328
1626,1134,328
1627,1134,328
1628,1134,328
1629,1134,328
1630,1134,328
1631,1134,328
1632,1134,328
1633,1134,328
1634,1134,328
1635,1134,328
1636,1134,328
1637,1134,328
1638,1134,328
1639,1134,328
1640,1134,328
1641,1134,328
1642,1134,328
1643,1134,328
1644,1134,328
1645,1134,328
1646,1134,328
1647,1134,328
1648,1134,328
1649,1134,328
1650,1134,328
1651,1134,328
1652,1134,328
1653,1134,328
1654,1134,328
1655,1134,328
1656,1134,328
1657,1134,328
1658,1134,328
1659,1134,328
1660,1134,328
1661,1134,328
1662,1134,328
1663,1134,328
1664,1134,328
1665,1134,328
1666,1134,328
1667,1134,328
1668,1131,322
1669,1128,317
1670,1128,317
1671,1128,317
1672,1128,317
1673,1128,317
1674,1128,317
1675,1128,317
1676,1128,317
1677,1128,317
1678,1128,317
1679,1128,317
1680,1128,317
1681,1128,317
1682,1128,317
1683,1128,317
1684,1128,317
1685,1128,317
1686,1128,317
1687,1128,317
1688,1128,317
1689,1128,317
1690,1128,317
1691,1128,317
1692,1128,317
1693,1128,317
1694,1128,317
1695,1128,317
1696,1128,317
1697,1128,317
1698,1128,317
1699,1128,317
1700,1128,317
1701,1128,317
1702,1128,317
1703,1128,317
1704,1128,317
1705,1128,317
1706,1128,317
1707,1128,317
1708,1128,317
1709,1128,317
1710,1128,317
1711,1128,317
1712,1128,317
1713,1128,317
1714,1128,317
1715,1128,317
1716,1128,317
1717,1128,317
1718,1128,317
1719,1128,317
1720,1128,317
1721,1128,317
1722,1131,316
1723,1134,315
1724,1137,314
1725,1140,313
1726,1143,312
1727,1146,311
1728,1146,311
1729,1146,311
1730,1146,311
1731,1146,311
1732,1146,311
1733,1146,311
1734,1146,311
1735,1146,311
1736,1146,311
1737,1146,311
1738,1146,311
1739,1146,311
1740,1146,311
1741,1146,311
1742,1146,311
1743,1146,311
1744,1146,311
1745,1146,311
1746,1146,311
1747,1146,311
1748,1146,311
1749,1146,311
1750,1146,311
1751,1146,311
1752,1146,311
1753,1146,311
1754,1146,311
1755,1146,311
1756,1146,311
1757,1146,311
1758,1146,311
1759,1146,311
1760,1146,311
1761,1145,307
1762,1144,303
1763,1142,299
1764,1140,295
1765,1139,291
1766,1138,287
1767,1137,283
1768,1136,279
1769,1135,275
1770,1134,271
1771,1133,267
1772,1132,263
1773,1131,259
1774,1130,255
1775,1129,251
1776,1128,247
1777,1127,243
1778,1125,238
1779,1125,238
1780,1125,238
1781,1125,238
1782,1125,238
1783,1125,238
1784,1125,238
1785,1125,238
1786,1125,238
1787,1125,238
1788,1125,238
1789,1125,238
1790,1125,238
1791,1125,238
1792,1124,234
1793,1122,230
1794,1120,226
1795,1118,222
1796,1116,218
1797,1114,214
1798,1112,210
1799,1111,206
1800,1109,202
1801,1106,198
1802,1104,194
1803,1102,190
1804,1100,186
1805,1098,182
1806,1096,177
1807,1094,172
1808,1092,168
1809,1090,163
1810,1089,158
1811,1088,152
1812,1088,152
1813,1088,152
1814,1088,152
1815,1088,152
1816,1088,152
1817,1088,152
1818,1088,152
1819,1088,152
1820,1088,152
1821,1088,152
1822,1088,152
1823,1088,152
1824,1088,152
1825,1088,152
1826,1092,153
1827,1096,154
1828,1096,154
1829,1096,154
1830,1096,154
1831,1096,154
1832,1098,161
1833,1100,168
1834,1102,175
1835,1104,182
1836,1106,189
1837,1108,196
1838,1110,203
1839,1112,209
1840,1112,209
1841,1112,209
1842,1112,209
1843,1112,209
1844,1112,209
1845,1112,209
1846,1112,209
1847,1112,209
1848,1112,209
1849,1112,209
1850,1110,209
1851,1108,209
1852,1106,208
1853,1104,207
1854,1102,206
1855,1100,205
1856,1098,204
1857,1096,204
1858,1093,204
1859,1093,204
1860,1093,204
1861,1093,204
1862,1093,204
1863,1093,204
1864,1093,204
1865,1093,204
1866,1093,204
1867,1093,204
1868,1093,204
1869,1093,204
1870,1093,204
1871,1093,204
1872,1093,204
1873,1093,204
1874,1091,204
1875,1089,204
1876,1087,204
1877,1085,204
1878,1083,204
1879,1081,204
1880,1079,204
1881,1077,204
1882,1075,204
1883,1073,204
1884,1071,204
1885,1069,204
1886,1067,204
1887,1065,204
1888,1063,204
1889,1061,204
1890,1059,204
1891,1057,204
1892,1055,204
1893,1053,204
1894,1051,204
1895,1049,204
1896,1046,204
1897,1046,204
1898,1043,205
1899,1043,205
1900,1043,205
1901,1043,205
1902,1043,205
1903,1043,205
1904,1043,205
1905,1043,205
1906,1043,205
1907,1043,205
1908,1043,205
1909,1043,205
1910,1043,205
1911,1043,205
1912,1043,205
1913,1043,205
1914,1047,206
1915,1051,207
1916,1051,207
1917,1051,207
1918,1051,207
1919,1051,207
1920,1051,207
1921,1056,210
1922,1061,213
1923,1066,216
1924,1071,219
1925,1076,222
1926,1081,225
1927,1086,227
1928,1091,229
1929,1096,232
1930,1101,235
1931,1106,238
1932,1111,241
1933,1116,244
1934,1121,247
1935,1126,249
1936,1131,252
1937,1136,255
1938,1141,257
1939,1146,260
1940,1151,263
1941,1156,265
1942,1161,267
1943,1166,269
1944,1171,272
1945,1176,275
1946,1176,275
1947,1176,275
1948,1173,274
1949,1170,273
1950,1167,272
1951,1164,271
1952,1161,270
1953,1158,269
1954,1155,268
1955,1150,266
1956,1150,266
1957,1150,266
1958,1150,266
1959,1150,266
1960,1150,266
1961,1150,266
1962,1150,266
1963,1150,266
1964,1150,266
1965,1150,266
1966,1150,266
1967,1145,263
1968,1142,261
1969,1139,259
1970,1136,257
1971,1133,255
1972,1130,253
1973,1127,251
1974,1124,249
1975,1121,247
1976,1117,246
1977,1113,244
1978,1113,244
1979,1113,244
1980,1113,244
1981,1113,244
1982,1113,244
1983,1113,244
1984,1113,244
1985,1113,244
1986,1113,244
1987,1113,244
1988,1113,244
1989,1113,244
1990,1113,244
1991,1113,244
1992,1110,242
1993,1107,240
1994,1104,238
1995,1101,236
1996,1098,234
1997,1095,232
1998,1092,230
1999,1088,228
2000,1084,226
2001,1084,226
2002,1084,226
2003,1084,226
2004,1084,226
2005,1084,226
2006,1084,226
2007,1084,226
2008,1084,226
2009,1084,226
2010,1084,226
2011,1084,226
2012,1084,226
2013,1084,226
2014,1084,226
2015,1084,226
2016,1084,226
2017,1084,226
2018,1084,226
2019,1084,226
2020,1084,226
2021,1084,226
2022,1084,226
2023,1084,226
2024,1084,226
2025,1080,224
2026,1077,222
2027,1073,221
2028,1070,219
2029,1067,217
2030,1063,215
2031,1059,213
2032,1054,211
2033,1054,211
2034,1054,211
2035,1054,211
2036,1054,211
2037,1047,211
2038,1047,211
2039,1047,211
2040,1047,211
2041,1047,211
2042,1047,211
2043,1047,211
2044,1047,211
2045,1047,211
2046,1047,211
2047,1047,211
2048,1047,211
2049,1047,211
2050,1047,211
2051,1047,211
2052,1047,211
2053,1047,211
2054,1047,211
2055,1047,211
2056,1047,211
2057,1047,211
2058,1047,211
2059,1051,212
2060,1051,212
2061,1051,212
2062,1051,212
2063,1051,212
2064,1051,212
2065,1051,212
2066,1051,212
2067,1051,212
2068,1049,212
2069,1047,212
2070,1045,212
2071,1043,212
2072,1041,212
2073,1039,212
2074,1037,212
2075,1035,212
2076,1033,212
2077,1031,212
2078,1029,212
2079,1027,212
2080,1025,212
2081,1023,212
2082,1021,212
2083,1019,212
2084,1017,212
2085,1015,212
2086,1013,212
2087,1011,212
2088,1009,212
2089,1007,212
2090,1004,213
2091,1004,213
2092,1004,213
2093,1004,213
2094,1004,213
2095,1004,213
2096,1004,213
2097,1004,213
2098,1004,213
2099,1004,213
2100,1004,213
2101,1004,213
2102,1004,213
2103,1001,213
2104,998,213
2105,995,213
2106,992,213
2107,989,213
2108,986,213
2109,983,213
2110,980,213
2111,977,213
2112,974,213
2113,971,213
2114,968,213
2115,965,213
2116,962,213
2117,959,213
2118,956,213
2119,953,213
2120,950,213
2121,947,213
2122,947,213
2123,947,213
2124,944,213
2125,941,213
2126,938,213
2127,938,213
2128,938,213
2129,938,213
2130,938,213
2131,938,213
2132,938,213
2133,938,213
2134,938,213
2135,938,213
2136,938,213
2137,938,213
2138,938,213
2139,938,213
2140,938,213
2141,938,213
2142,938,213
2143,938,213
2144,943,213
2145,948,213
2146,953,213
2147,958,213
2148,963,213
2149,968,213
2150,973,213
2151,978,213
2152,978,213
2153,978,213
2154,978,213
2155,978,213
2156,978,213
2157,978,213
2158,978,213
2159,978,213
2160,972,211
2161,966,209
2162,960,207
2163,955,206
2164,950,205
2165,945,204
2166,940,202
2167,935,201
2168,930,199
2169,925,198
2170,920,197
2171,915,196
2172,911,195
2173,907,194
2174,903,193
2175,899,192
2176,894,191
2177,889,190
2178,884,189
2179,880,188
2180,876,187
2181,871,186
2182,866,185
2183,861,184
2184,861,184
2185,861,184
2186,861,184
2187,861,184
2188,865,185
2189,869,186
2190,869,186
2191,869,186
2192,869,186
2193,869,186
2194,869,186
2195,869,186
2196,869,186
2197,869,186
2198,869,186
2199,869,186
2200,867,186
2201,865,186
2202,863,186
2203,861,186
2204,859,186
2205,857,186
2206,855,186
2207,853,187
2208,848,188
2209,843,189
2210,838,190
2211,836,191
2212,834,192
2213,829,193
2214,824,194
2215,819,195
2216,819,195
2217,813,196
2218,813,196
2219,813,196
2220,813,196
2221,813,196
2222,813,196
2223,813,196
2224,813,196
2225,813,196
2226,813,196
2227,813,196
2228,813,196
2229,809,196
2230,809,196
2231,809,196
2232,805,196
2233,801,196
2234,796,196
2235,791,196
2236,786,196
2237,781,196
2238,776,196
2239,771,196
2240,766,196
2241,766,196
2242,760,196
2243,754,196
2244,748,196
2245,748,196
2246,741,196
2247,741,196
2248,741,196
2249,741,196
2250,741,196
2251,741,196
2252,741,196
2253,741,196
2254,741,196
2255,741,196
2256,741,196
2257,741,196
2258,741,196
2259,741,196
2260,741,196
2261,736,197
2262,736,197
2263,736,197
2264,736,197
2265,731,198
2266,728,199
2267,725,200
2268,720,201
2269,715,202
2270,710,203
2271,705,204
2272,700,205
2273,694,206
2274,688,207
2275,682,208
2276,676,209
2277,670,210
2278,664,211
2279,658,212
2280,658,212
2281,652,213
2282,647,214
2283,642,215
2284,639,216
2285,636,217
2286,636,217
2287,633,218
2288,630,219
2289,627,220
2290,624,221
2291,621,222
2292,618,223
2293,615,224
2294,612,225
2295,609,226
2296,606,227
2297,603,228
2298,601,229
2299,599,230
2300,597,231
2301,595,232
2302,593,233
2303,591,234
2304,589,235
2305,587,236
2306,585,237
2307,583,238
2308,581,239
2309,579,240
2310,577,241
2311,572,243
2312,566,246
2313,560,248
2314,554,250
2315,554,250
2316,554,250
2317,554,250
2318,554,250
2319,554,250
2320,554,250
2321,554,250
2322,554,250
2323,554,250
2324,554,250
2325,554,250
2326,554,250
2327,554,250
2328,557,250
2329,560,250
2330,563,250
2331,566,250
2332,569,250
2333,572,250
2334,575,250
2335,578,250
2336,581,250
2337,584,250
2338,587,250
2339,590,250
2340,593,250
2341,596,250
2342,599,250
2343,602,250
2344,605,250
2345,608,250
2346,612,250
2347,615,250
2348,619,250
2349,623,250
2350,627,250
2351,630,250
2352,633,250
2353,636,250
2354,639,250
2355,643,250
2356,647,250
2357,651,250
2358,655,250
2359,659,250
2360,663,250
2361,667,250
2362,671,250
2363,675,250
2364,679,250
2365,683,250
2366,687,250
2367,691,250
2368,695,250
2369,698,250
2370,701,250
2371,704,250
2372,708,250
2373,712,250
2374,716,250
2375,720,250
2376,724,250
2377,728,250
2378,732,250
2379,736,250
2380,740,250
2381,744,250
2382,748,250
2383,748,250
2384,748,250
2385,752,250
2386,756,250
2387,756,250
2388,756,250
2389,752,250
2390,747,249
2391,742,248
2392,737,247
2393,731,246
2394,726,246
2395,720,245
2396,714,244
2397,708,243
2398,702,242
2399,696,240
2400,690,238
2401,684,237
2402,678,236
2403,672,235
2404,666,234
2405,660,233
2406,654,232
2407,648,231
2408,642,230
2409,639,230
2410,636,230
2411,634,230
2412,632,230
2413,630,230
2414,628,230
2415,626,230
2416,624,230
2417,624,230
2418,624,230
2419,622,230
2420,622,230
2421,622,230
2422,620,230
2423,618,230
2424,618,230
2425,616,230
2426,614,230
2427,614,230
2428,612,230
2429,610,230
2430,610,230
2431,608,230
2432,606,230
2433,606,230
2434,606,230
2435,606,230
2436,606,230
2437,606,230
2438,606,230
2439,606,230
2440,606,230
2441,606,230
2442,606,230
2443,606,230
2444,606,230
2445,606,230
2446,606,230
2447,606,230
2448,606,230
2449,606,230
2450,606,230
2451,606,230
2452,606,230
2453,606,230
2454,606,230
2455,606,230
2456,606,230
2457,606,230
2458,606,230
2459,606,230
2460,606,230
2461,606,230
2462,605,237
2463,604,244
2464,603,251
2465,602,258
2466,602,258
2467,602,258
2468,600,265
2469,598,272
2470,597,279
2471,597,284
2472,597,287
2473,597,290
2474,597,293
2475,597,296
2476,597,299
2477,597,302
2478,597,305
2479,597,308
2480,597,311
2481,597,314
2482,597,314
2483,597,314
2484,597,314
2485,597,314
2486,597,314
2487,597,314
2488,597,314
2489,597,314
2490,597,314
2491,597,314
2492,597,314
2493,597,314
2494,597,314
2495,597,314
2496,597,314
2497,598,317
2498,599,320
2499,600,323
2500,601,326
2501,601,326
2502,602,329
2503,603,332
2504,604,335
2505,605,338
2506,606,341
2507,606,341
2508,607,344
2509,608,347
2510,609,350
2511,610,353
2512,610,353
2513,610,353
2514,610,353
2515,610,353
2516,610,353
2517,610,353
2518,610,353
2519,610,353
2520,610,353
2521,610,353
2522,610,353
2523,610,353
2524,610,353
2525,610,353
2526,610,353
2527,610,353
2528,610,353
2529,610,353
2530,610,353
2531,610,353
2532,610,353
2533,610,353
2534,610,353
2535,610,353
2536,610,353
2537,610,353
2538,612,360
2539,613,363
2540,614,366
2541,615,369
2542,616,372
2543,617,375
2544,618,378
2545,619,381
2546,620,384
2547,621,387
2548,621,387
2549,621,387
2550,621,387
2551,621,387
2552,621,387
2553,621,387
2554,621,387
2555,621,387
2556,621,387
2557,621,387
2558,621,387
2559,621,387
2560,621,387
2561,621,387
2562,621,387
2563,621,387
2564,621,387
2565,621,387
2566,621,387
2567,621,387
2568,621,387
2569,621,387
2570,621,387
2571,621,387
2572,621,387
2573,621,387
2574,621,387
2575,621,387
2576,621,387
2577,621,387
2578,621,387
2579,621,387
2580,621,387
2581,621,387
2582,621,387
2583,621,387
2584,621,387
2585,621,387
2586,615,391
2587,609,395
2588,604,399
2589,598,403
2590,593,406
2591,593,406
2592,593,406
2593,593,406
2594,593,406
2595,593,406
2596,593,406
2597,593,406
2598,593,406
2599,593,406
2600,593,406
2601,593,406
2602,593,406
2603,593,406
2604,593,406
2605,593,406
2606,593,406
2607,593,406
2608,593,406
2609,593,406
2610,593,406
2611,593,406
2612,593,406
2613,593,406
2614,593,406
2615,593,406
2616,593,406
2617,593,406
2618,593,406
2619,593,406
2620,593,406
2621,593,406
2622,593,406
2623,593,406
2624,593,406
2625,593,406
2626,593,406
2627,593,406
2628,593,406
2629,593,406
2630,593,406
2631,593,406
2632,593,406
2633,593,406
2634,593,406
2635,593,406
2636,593,406
2637,593,406
2638,593,406
2639,593,406
2640,593,406
2641,593,406
2642,593,406
2643,593,406
2644,593,406
2645,593,406
2646,593,406
2647,593,406
2648,593,406
2649,593,406
2650,593,406
2651,593,406
2652,593,406
2653,593,406
2654,593,406
2655,593,406
2656,593,406
2657,593,406
2658,593,406
2659,593,406
2660,593,406
2661,593,406
2662,593,406
2663,593,406
2664,593,406
2665,593,406
2666,593,414
2667,593,414
2668,593,414
2669,593,414
2670,593,414
2671,593,414
2672,593,414
2673,593,414
2674,593,414
2675,593,414
2676,593,422
2677,593,422
2678,593,422
2679,593,422
2680,593,422
2681,593,422
2682,593,422
2683,593,422
2684,593,422
2685,593,422
2686,593,422
2687,593,422
2688,593,422
2689,593,422
2690,593,422
2691,593,422
2692,593,422
2693,593,422
2694,593,422
2695,593,422
2696,593,422
2697,592,427
2698,591,432
2699,590,437
2700,590,441
2701,590,445
2702,590,449
2703,590,453
2704,590,457
2705,590,461
2706,590,465
2707,590,469
2708,590,473
2709,590,477
2710,590,481
2711,590,485
2712,590,489
2713,590,493
2714,590,497
2715,590,501
2716,590,505
2717,590,509
2718,590,513
2719,590,517
2720,590,521
2721,590,525
2722,590,529
2723,590,533
2724,590,537
2725,590,541
2726,590,545
2727,590,549
2728,590,553
2729,590,557
2730,590,561
2731,590,565
2732,590,569
2733,590,573
2734,590,577
2735,590,581
2736,590,585
2737,589,589
2738,588,593
2739,587,597
2740,586,601
2741,586,605
2742,586,610
2743,585,615
2744,585,615
2745,585,615
2746,585,615
2747,585,615
2748,585,615
2749,585,615
2750,585,615
2751,585,615
2752,585,615
2753,585,615
2754,585,615
2755,585,615
2756,585,615
2757,585,615
2758,585,615
2759,585,615
2760,585,615
2761,585,615
2762,585,615
2763,585,615
2764,585,615
2765,585,615
2766,585,615
2767,585,615
2768,584,620
2769,584,620
2770,584,620
2771,584,620
2772,584,620
2773,584,620
2774,584,620
2775,584,620
2776,584,620
2777,584,625
2778,584,625
2779,584,625
2780,584,625
2781,584,630
2782,584,630
2783,585,626
2784,586,621
2785,586,621
2786,586,621
2787,586,621
2788,586,621
2789,587,616
2790,588,611
2791,589,606
2792,590,601
2793,590,601
2794,590,601
2795,590,601
2796,587,601
2797,585,602
2798,583,603
2799,581,604
2800,579,605
2801,577,606
2802,575,607
2803,573,608
2804,571,609
2805,569,610
2806,567,611
2807,565,612
2808,563,613
2809,561,614
2810,559,615
2811,559,615
2812,559,615
2813,560,611
2814,560,611
2815,560,611
2816,560,611
2817,562,607
2818,564,603
2819,566,599
2820,566,599
2821,567,595
2822,567,595
2823,567,595
2824,568,591
2825,568,591
2826,568,591
2827,570,587
2828,571,582
2829,572,577
2830,573,572
2831,574,568
2832,574,568
2833,574,568
2834,574,568
2835,574,568
2836,574,568
2837,574,568
2838,575,564
2839,575,564
2840,575,564
2841,576,560
2842,577,556
2843,578,552
2844,579,548
2845,580,544
2846,581,540
2847,582,536
2848,583,532
2849,584,528
2850,585,524
2851,585,524
2852,586,520
2853,587,516
2854,588,512
2855,589,508
2856,590,504
2857,590,504
2858,590,504
2859,591,500
2860,592,496
2861,592,496
2862,594,492
2863,596,488
2864,596,488
2865,597,484
2866,598,479
2867,599,474
2868,600,469
2869,601,464
2870,603,460
2871,603,460
2872,603,460
2873,603,460
2874,603,460
2875,603,466
2876,603,466
2877,603,466
2878,603,472
2879,603,472
2880,603,472
2881,603,472
2882,603,470
2883,603,468
2884,603,466
2885,603,464
2886,603,462
2887,603,460
2888,603,458
2889,603,456
2890,603,454
2891,603,452
2892,603,450
2893,603,448
2894,603,446
2895,603,444
2896,603,442
2897,603,440
2898,603,438
2899,603,438
2900,603,438
2901,604,436
2902,605,434
2903,606,432
2904,607,430
2905,608,428
2906,609,426
2907,610,424
2908,611,422
2909,612,420
2910,613,418
2911,614,416
2912,614,414
2913,614,414
2914,615,412
2915,615,410
2916,615,408
2917,615,406
2918,615,404
2919,615,402
2920,615,400
2921,615,398
2922,615,396
2923,615,394
2924,615,392
2925,615,390
2926,615,388
2927,615,386
2928,615,384
2929,615,382
2930,615,380
2931,615,378
2932,615,376
2933,615,374
2934,615,372
2935,615,370
2936,615,368
2937,615,368
2938,615,368
2939,615,368
2940,615,368
2941,615,368
2942,616,371
2943,617,374
2944,617,374
2945,618,377
2946,617,384
2947,617,384
2948,617,384
2949,617,384
2950,617,384
2951,617,384
2952,617,384
2953,617,384
2954,617,384
2955,617,384
2956,617,384
2957,617,384
2958,617,384
2959,617,384
2960,617,384
2961,617,384
2962,617,384
2963,617,384
2964,617,384
2965,617,384
2966,617,384
2967,617,384
2968,617,390
2969,618,393
2970,619,396
2971,620,399
2972,621,402
2973,622,405
2974,623,408
2975,624,411
2976,625,414
2977,626,417
2978,627,420
2979,628,426
2980,628,426
2981,628,426
2982,628,426
2983,628,426
2984,628,426
2985,628,426
2986,628,426
2987,628,426
2988,628,426
2989,628,426
2990,628,426
2991,628,426
2992,628,426
2993,628,426
2994,628,426
2995,628,426
2996,628,426
2997,628,426
2998,628,426
2999,628,426
3000,628,426
3001,628,426
3002,628,424
3003,628,422
3004,628,420
3005,628,418
3006,628,416
3007,628,414
3008,628,412
3009,628,410
3010,628,408
3011,628,406
3012,628,404
3013,628,402
3014,628,400
3015,628,398
3016,628,396
3017,628,394
3018,628,392
3019,628,390
3020,628,388
3021,628,386
3022,628,384
3023,628,382
3024,628,380
3025,628,378
3026,628,376
3027,628,374
3028,628,372
3029,628,370
3030,628,368
3031,628,366
3032,628,364
3033,628,362
3034,628,360
3035,628,358
3036,628,356
3037,628,354
3038,628,352
3039,628,350
3040,628,348
3041,628,346
3042,628,344
3043,628,342
3044,628,340
3045,628,338
3046,628,336
3047,628,334
3048,628,332
3049,628,330
3050,628,328
3051,628,326
3052,628,324
3053,628,322
3054,628,320
3055,628,318
3056,628,316
3057,628,314
3058,628,314
3059,628,314
3060,628,314
3061,628,314
3062,629,317
3063,630,320
3064,633,325
3065,635,330
3066,637,336
3067,639,342
3068,639,342
3069,639,342
3070,639,342
3071,639,342
3072,639,342
3073,639,342
3074,639,342
3075,639,342
3076,639,342
3077,639,342
3078,639,342
3079,639,342
3080,639,342
3081,639,342
3082,640,348
3083,641,351
3084,642,354
3085,643,357
3086,644,360
3087,644,363
3088,644,366
3089,644,369
3090,644,372
3091,644,375
3092,644,375
3093,645,378
3094,645,378
3095,645,378
3096,645,378
3097,645,378
3098,645,378
3099,645,378
3100,645,378
3101,645,378
3102,645,378
3103,645,378
3104,645,378
3105,645,378
3106,645,378
3107,645,378
3108,645,378
3109,645,378
3110,645,378
3111,645,378
3112,645,378
3113,645,378
3114,645,378
3115,645,378
3116,645,378
3117,645,378
3118,645,378
3119,645,378
3120,645,378
3121,645,378
3122,645,378
3123,645,378
3124,645,378
3125,645,378
3126,645,378
3127,645,378
3128,645,378
3129,645,378
3130,645,378
3131,645,378
3132,645,378
3133,645,378
3134,645,378
3135,645,378
3136,645,378
3137,645,378
3138,645,378
3139,645,378
3140,645,378
3141,645,378
3142,645,378
3143,645,378
3144,645,378
3145,645,378
3146,645,378
3147,645,378
3148,645,378
3149,645,378
3150,645,378
3151,645,378
3152,645,378
3153,645,378
3154,645,378
3155,645,378
3156,645,378
3157,645,378
3158,645,378
3159,645,378
3160,645,378
3161,645,378
3162,645,378
3163,645,378
3164,645,378
3165,645,378
3166,645,378
3167,645,378
3168,645,378
3169,645,378
3170,645,378
3171,645,378
3172,645,378
3173,645,378
3174,645,378
3175,645,378
3176,645,378
3177,645,378
3178,645,378
3179,645,378
3180,645,378
3181,645,378
3182,646,384
3183,647,390
3184,647,390
3185,648,396
3186,649,402
3187,650,408
3188,650,408
3189,650,408
3190,650,408
3191,650,408
3192,650,408
3193,651,414
3194,651,414
3195,651,421
3196,651,428
3197,651,428
3198,651,428
3199,651,428
3200,651,428
3201,652,435
3202,652,435
3203,651,442
3204,651,442
3205,651,442
3206,651,442
3207,651,448
3208,651,453
3209,650,460
3210,649,467
3211,648,474
3212,647,481
3213,646,486
3214,645,491
3215,645,496
3216,644,501
3217,644,506
3218,643,511
3219,643,516
3220,642,521
3221,642,526
3222,641,531
3223,641,536
3224,641,541
3225,640,546
3226,639,551
3227,639,556
3228,639,562
3229,639,568
3230,639,568
3231,639,568
3232,639,568
3233,639,568
3234,639,568
3235,639,568
3236,639,568
3237,639,568
3238,639,568
3239,639,568
3240,639,568
3241,639,568
3242,639,568
3243,639,568
3244,642,575
3245,642,575
3246,642,575
3247,644,581
3248,645,586
3249,646,591
3250,647,596
3251,648,601
3252,649,606
3253,650,611
3254,651,616
3255,652,621
3256,653,626
3257,654,630
3258,654,630
3259,654,630
3260,654,630
3261,654,630
3262,654,635
3263,654,641
3264,654,641
3265,654,641
3266,654,647
3267,654,653
3268,654,653
3269,654,653
3270,654,653
3271,655,659
3272,655,659
3273,655,659
3274,655,659
3275,655,659
3276,655,659
3277,655,659
3278,655,659
3279,655,659
3280,655,659
3281,655,659
3282,655,659
3283,655,659
3284,655,659
3285,655,659
3286,655,659
3287,655,659
3288,655,659
3289,655,659
3290,655,659
3291,655,659
3292,655,659
3293,655,659
3294,655,659
3295,655,659
3296,655,659
3297,655,659
3298,655,659
3299,655,664
3300,655,664
3301,655,664
3302,655,661
3303,655,657
3304,655,654
3305,653,650
3306,653,647
3307,653,644
3308,653,641
3309,653,641
3310,653,641
3311,653,638
3312,653,635
3313,652,631
3314,652,628
3315,652,624
3316,652,624
3317,652,620
3318,652,617
3319,652,617
3320,652,613
3321,652,609
3322,652,605
3323,652,605
3324,652,605
3325,652,602
3326,652,598
3327,651,593
3328,651,593
3329,651,593
3330,652,589
3331,653,585
3332,653,585
3333,654,581
3334,654,581
3335,654,581
3336,654,581
3337,654,581
3338,654,581
3339,654,581
3340,655,577
3341,655,577
3342,656,573
3343,657,569
3344,657,569
3345,658,565
3346,659,561
3347,659,561
3348,659,561
3349,660,557
3350,660,557
3351,660,557
3352,660,557
3353,660,557
3354,660,557
3355,660,557
3356,660,557
3357,660,557
3358,660,557
3359,660,557
3360,660,557
3361,660,557
3362,661,563
3363,661,563
3364,662,569
3365,663,575
3366,663,575
3367,664,581
3368,664,581
3369,664,581
3370,664,587
3371,663,593
3372,662,599
3373,660,605
3374,658,611
3375,656,616
3376,654,621
3377,652,627
3378,650,632
3379,648,637
3380,646,643
3381,644,649
3382,642,655
3383,641,661
3384,641,668
3385,640,675
3386,639,682
3387,638,689
3388,638,695
3389,638,695
3390,638,695
3391,638,695
3392,638,695
3393,638,695
3394,638,695
3395,638,695
3396,638,695
3397,638,695
3398,638,695
3399,638,695
3400,638,695
3401,638,695
3402,638,695
3403,638,695
3404,638,695
3405,638,695
3406,638,695
3407,638,695
3408,638,695
3409,638,695
3410,638,695
3411,638,695
3412,638,695
3413,638,695
3414,638,695
3415,638,695
3416,638,695
3417,638,695
3418,638,695
3419,638,695
3420,638,695
3421,638,695
3422,638,695
3423,638,695
3424,638,695
3425,638,695
3426,638,695
3427,638,695
3428,638,695
3429,638,695
3430,638,695
3431,638,695
3432,638,695
3433,638,695
3434,638,695
3435,638,695
3436,638,695
3437,638,695
3438,638,695
3439,638,695
3440,638,695
3441,638,695
3442,638,695
3443,638,695
3444,638,695
3445,638,695
3446,638,695
3447,638,695
3448,638,695
3449,638,695
3450,638,695
3451,638,695
3452,638,695
3453,638,695
3454,638,695
3455,638,695
3456,638,695
3457,638,695
3458,638,695
3459,638,695
3460,638,695
3461,638,695
3462,638,695
3463,638,695
3464,638,695
3465,638,695
3466,638,695
3467,638,695
3468,638,695
3469,638,695
