,pos_X,pos_Y
0,638,688
1,638,688
2,638,688
3,638,688
4,638,688
5,638,688
6,638,688
7,638,688
8,638,688
9,638,688
10,638,688
11,638,688
12,638,688
13,638,688
14,638,688
15,638,688
16,638,688
17,638,688
18,638,688
19,638,688
20,638,688
21,638,688
22,638,688
23,638,688
24,638,688
25,638,688
26,641,687
27,642,686
28,643,685
29,646,682
30,648,680
31,648,680
32,650,677
33,650,675
34,650,670
35,651,667
36,651,665
37,651,662
38,653,661
39,656,657
40,658,653
41,658,649
42,658,645
43,658,645
44,658,643
45,658,641
46,659,641
47,662,639
48,663,638
49,665,635
50,665,634
51,665,634
52,665,633
53,666,631
54,666,629
55,666,626
56,670,621
57,672,618
58,676,611
59,679,602
60,681,594
61,683,582
62,686,568
63,688,553
64,689,536
65,690,520
66,690,520
67,691,520
68,691,520
69,691,520
70,691,520
71,691,520
72,691,520
73,691,520
74,691,520
75,691,520
76,691,520
77,691,520
78,691,520
79,691,520
80,691,520
81,691,520
82,691,520
83,691,520
84,691,520
85,691,520
86,691,520
87,691,520
88,692,521
89,693,522
90,693,522
91,693,522
92,693,522
93,693,522
94,693,522
95,693,522
96,693,522
97,693,522
98,694,523
99,695,525
100,696,527
101,697,529
102,698,531
103,698,531
104,698,531
105,699,533
106,700,534
107,700,534
108,696,528
109,692,522
110,688,515
111,684,507
112,680,498
113,676,489
114,672,479
115,668,469
116,663,459
117,663,459
118,663,459
119,665,469
120,667,479
121,669,489
122,671,500
123,674,511
124,677,522
125,681,533
126,685,544
127,683,544
128,681,544
129,680,544
130,679,544
131,678,544
132,678,544
133,678,544
134,678,544
135,678,544
136,678,544
137,678,544
138,678,544
139,678,544
140,678,544
141,678,544
142,678,544
143,678,544
144,678,544
145,678,544
146,679,543
147,680,542
148,681,541
149,682,540
150,683,539
151,684,538
152,685,537
153,686,537
154,686,537
155,687,537
156,687,537
157,687,537
158,688,537
159,689,537
160,689,537
161,689,537
162,689,537
163,689,537
164,689,537
165,689,537
166,689,537
167,689,537
168,689,537
169,689,537
170,689,537
171,689,537
172,689,537
173,689,537
174,689,537
175,689,538
176,690,540
177,691,542
178,691,544
179,691,544
180,691,546
181,691,548
182,691,550
183,691,552
184,691,553
185,691,554
186,691,555
187,690,556
188,689,557
189,688,558
190,687,559
191,686,560
192,685,561
193,684,562
194,683,563
195,682,564
196,682,565
197,682,566
198,682,567
199,682,568
200,682,569
201,682,570
202,682,570
203,682,570
204,682,570
205,682,570
206,682,570
207,682,570
208,682,570
209,682,570
210,682,570
211,682,570
212,682,570
213,682,570
214,682,570
215,682,570
216,682,570
217,682,570
218,682,570
219,682,570
220,682,570
221,682,570
222,682,570
223,682,570
224,682,570
225,682,570
226,682,570
227,682,570
228,682,570
229,682,570
230,682,570
231,682,570
232,683,571
233,684,572
234,685,573
235,686,574
236,687,575
237,688,576
238,689,577
239,691,579
240,693,580
241,694,581
242,694,581
243,694,581
244,694,581
245,694,581
246,694,581
247,694,581
248,694,581
249,694,581
250,694,581
251,694,581
252,694,581
253,694,581
254,694,581
255,694,581
256,697,581
257,700,581
258,703,581
259,706,581
260,709,581
261,712,581
262,715,581
263,718,581
264,721,581
265,724,581
266,727,581
267,730,581
268,730,581
269,730,581
270,730,581
271,730,581
272,730,581
273,730,581
274,730,581
275,730,581
276,730,581
277,730,581
278,731,581
279,732,581
280,733,581
281,734,581
282,737,581
283,740,581
284,743,581
285,746,581
286,749,581
287,750,581
288,751,581
289,752,581
290,753,581
291,754,581
292,755,581
293,756,581
294,757,581
295,758,581
296,758,581
297,758,581
298,758,581
299,758,581
300,758,581
301,758,581
302,758,581
303,758,581
304,758,581
305,758,581
306,758,581
307,758,581
308,758,581
309,758,581
310,758,581
311,758,581
312,758,581
313,758,581
314,758,581
315,758,581
316,758,581
317,758,581
318,758,581
319,758,581
320,758,581
321,758,581
322,758,581
323,758,581
324,758,581
325,758,581
326,758,581
327,758,581
328,758,581
329,758,581
330,758,581
331,758,581
332,758,581
333,758,581
334,758,581
335,758,581
336,758,581
337,758,581
338,758,581
339,758,581
340,758,581
341,759,580
342,761,580
343,763,579
344,765,578
345,767,577
346,769,576
347,771,575
348,773,574
349,775,573
350,777,572
351,779,571
352,781,570
353,783,570
354,783,570
355,783,570
356,783,570
357,783,570
358,783,570
359,783,570
360,783,570
361,783,570
362,783,570
363,783,570
364,783,570
365,785,570
366,787,570
367,789,570
368,791,570
369,793,570
370,795,570
371,797,570
372,799,570
373,801,570
374,803,570
375,805,570
376,805,570
377,805,570
378,805,570
379,805,570
380,805,570
381,805,570
382,805,570
383,805,570
384,805,570
385,805,570
386,805,570
387,805,570
388,805,570
389,805,570
390,804,570
391,803,570
392,802,570
393,801,570
394,800,570
395,799,570
396,798,570
397,797,570
398,796,570
399,795,570
400,794,570
401,793,570
402,792,570
403,791,570
404,790,570
405,789,570
406,789,570
407,789,570
408,789,570
409,789,570
410,789,570
411,789,570
412,789,570
413,789,570
414,789,570
415,789,570
416,789,570
417,789,570
418,789,570
419,789,570
420,789,570
421,789,570
422,789,570
423,790,571
424,791,572
425,792,573
426,793,574
427,794,575
428,795,576
429,797,577
430,797,577
431,797,577
432,797,577
433,797,577
434,797,577
435,797,577
436,797,577
437,797,577
438,799,577
439,802,577
440,804,577
441,806,577
442,808,577
443,810,577
444,813,577
445,816,577
446,818,577
447,820,577
448,823,577
449,826,577
450,829,577
451,831,577
452,833,577
453,836,577
454,838,577
455,838,577
456,838,577
457,838,577
458,838,577
459,838,577
460,838,577
461,838,577
462,838,577
463,838,577
464,838,577
465,838,577
466,841,577
467,844,577
468,847,577
469,850,577
470,853,577
471,856,577
472,859,577
473,862,577
474,865,577
475,868,577
476,868,577
477,868,577
478,868,577
479,868,577
480,868,577
481,868,577
482,868,577
483,868,577
484,868,577
485,868,577
486,868,577
487,868,577
488,868,577
489,868,577
490,871,577
491,874,577
492,877,577
493,880,577
494,883,577
495,886,577
496,889,577
497,892,577
498,895,577
499,898,577
500,901,577
501,904,577
502,907,577
503,907,576
504,907,576
505,907,576
506,907,576
507,907,576
508,907,576
509,907,576
510,907,576
511,907,576
512,907,576
513,907,576
514,907,576
515,907,576
516,911,577
517,915,578
518,919,579
519,923,580
520,927,581
521,931,582
522,935,583
523,939,584
524,943,585
525,947,586
526,951,587
527,955,588
528,959,589
529,963,590
530,967,591
531,971,592
532,975,593
533,979,594
534,983,595
535,987,596
536,991,597
537,996,598
538,1001,599
539,1006,600
540,1011,601
541,1016,602
542,1020,603
543,1024,604
544,1028,605
545,1032,606
546,1036,607
547,1040,608
548,1043,609
549,1046,610
550,1049,611
551,1051,612
552,1053,613
553,1055,614
554,1057,615
555,1059,616
556,1061,617
557,1063,618
558,1065,619
559,1067,620
560,1069,621
561,1072,623
562,1075,625
563,1078,627
564,1081,629
565,1083,631
566,1085,632
567,1087,634
568,1089,636
569,1091,637
570,1093,639
571,1095,641
572,1097,643
573,1099,645
574,1101,647
575,1103,649
576,1105,651
577,1107,653
578,1109,655
579,1111,656
580,1112,657
581,1112,657
582,1112,657
583,1112,657
584,1113,656
585,1114,655
586,1115,654
587,1116,653
588,1117,652
589,1118,651
590,1119,650
591,1120,649
592,1121,648
593,1122,648
594,1123,648
595,1123,648
596,1123,648
597,1123,648
598,1123,648
599,1123,648
600,1123,648
601,1123,648
602,1123,648
603,1123,648
604,1123,648
605,1123,648
606,1123,648
607,1123,648
608,1124,648
609,1126,648
610,1128,648
611,1130,648
612,1131,648
613,1131,648
614,1131,648
615,1131,648
616,1132,649
617,1133,650
618,1133,650
619,1133,650
620,1133,650
621,1133,650
622,1134,651
623,1135,652
624,1136,653
625,1136,653
626,1137,654
627,1138,655
628,1139,656
629,1140,657
630,1141,658
631,1142,659
632,1143,660
633,1144,661
634,1145,662
635,1146,663
636,1147,664
637,1147,664
638,1148,665
639,1148,665
640,1149,666
641,1150,667
642,1151,668
643,1152,669
644,1153,670
645,1154,671
646,1154,671
647,1154,671
648,1154,671
649,1155,671
650,1155,671
651,1156,671
652,1157,671
653,1158,671
654,1159,671
655,1160,671
656,1160,671
657,1160,671
658,1160,671
659,1160,671
660,1160,671
661,1160,671
662,1160,671
663,1160,671
664,1160,671
665,1160,671
666,1160,671
667,1160,671
668,1160,671
669,1160,671
670,1160,671
671,1160,671
672,1160,671
673,1160,671
674,1160,670
675,1160,669
676,1160,668
677,1160,667
678,1160,666
679,1160,665
680,1160,664
681,1160,663
682,1160,662
683,1160,661
684,1160,660
685,1160,659
686,1160,658
687,1160,657
688,1160,656
689,1160,655
690,1160,654
691,1160,653
692,1160,652
693,1160,651
694,1160,650
695,1160,649
696,1160,648
697,1160,647
698,1160,646
699,1160,645
700,1160,644
701,1160,643
702,1160,642
703,1160,641
704,1160,640
705,1160,639
706,1160,638
707,1160,637
708,1160,636
709,1160,635
710,1160,634
711,1160,633
712,1160,632
713,1160,631
714,1160,630
715,1160,629
716,1160,628
717,1160,627
718,1160,626
719,1160,625
720,1160,624
721,1160,623
722,1160,622
723,1160,621
724,1160,620
725,1160,619
726,1160,618
727,1160,617
728,1160,616
729,1160,615
730,1160,614
731,1160,613
732,1160,612
733,1160,611
734,1160,610
735,1160,609
736,1160,608
737,1160,607
738,1160,606
739,1160,605
740,1160,604
741,1160,603
742,1160,602
743,1160,601
744,1160,600
745,1160,599
746,1160,598
747,1160,597
748,1160,596
749,1160,595
750,1160,594
751,1160,593
752,1160,592
753,1160,591
754,1160,590
755,1160,589
756,1160,588
757,1160,587
758,1160,586
759,1160,585
760,1160,584
761,1160,583
762,1160,582
763,1160,581
764,1160,580
765,1160,579
766,1160,578
767,1160,577
768,1160,576
769,1160,575
770,1160,574
771,1160,573
772,1160,572
773,1160,571
774,1160,570
775,1160,569
776,1160,568
777,1160,567
778,1160,566
779,1160,565
780,1160,564
781,1160,563
782,1160,562
783,1160,561
784,1160,560
785,1160,559
786,1160,558
787,1160,557
788,1160,556
789,1160,555
790,1160,554
791,1160,553
792,1160,552
793,1160,551
794,1160,550
795,1160,549
796,1160,548
797,1160,547
798,1160,546
799,1160,545
800,1160,544
801,1160,543
802,1160,542
803,1160,541
804,1160,540
805,1160,539
806,1160,538
807,1160,537
808,1160,536
809,1160,535
810,1160,534
811,1160,533
812,1160,532
813,1160,531
814,1160,530
815,1160,529
816,1160,528
817,1160,527
818,1160,526
819,1160,525
820,1160,524
821,1160,523
822,1160,522
823,1160,521
824,1160,520
825,1160,519
826,1160,518
827,1160,517
828,1160,516
829,1160,515
830,1160,514
831,1160,513
832,1160,512
833,1160,511
834,1160,510
835,1160,509
836,1160,508
837,1160,507
838,1160,506
839,1160,505
840,1160,504
841,1160,503
842,1160,502
843,1160,501
844,1160,500
845,1160,499
846,1160,498
847,1160,497
848,1160,496
849,1160,495
850,1160,494
851,1160,493
852,1160,493
853,1160,493
854,1160,493
855,1160,493
856,1160,493
857,1160,493
858,1160,493
859,1160,493
860,1160,493
861,1160,493
862,1160,493
863,1160,493
864,1160,493
865,1160,493
866,1160,493
867,1160,492
868,1159,491
869,1158,490
870,1157,489
871,1156,488
872,1155,487
873,1154,486
874,1153,485
875,1152,484
876,1151,483
877,1150,482
878,1149,481
879,1148,480
880,1147,479
881,1146,478
882,1145,477
883,1144,476
884,1143,475
885,1142,474
886,1141,473
887,1140,472
888,1139,471
889,1138,470
890,1137,469
891,1136,468
892,1135,467
893,1134,466
894,1133,465
895,1132,464
896,1131,463
897,1130,462
898,1129,461
899,1128,460
900,1127,459
901,1126,458
902,1125,457
903,1124,456
904,1123,455
905,1122,454
906,1121,453
907,1120,452
908,1119,451
909,1118,450
910,1117,449
911,1116,448
912,1115,447
913,1114,446
914,1113,445
915,1112,444
916,1111,443
917,1110,442
918,1109,441
919,1108,440
920,1107,439
921,1106,438
922,1105,437
923,1104,436
924,1103,435
925,1102,434
926,1102,434
927,1102,434
928,1102,434
929,1102,434
930,1102,434
931,1102,434
932,1102,434
933,1102,434
934,1102,434
935,1102,434
936,1102,434
937,1102,434
938,1102,434
939,1102,433
940,1102,432
941,1102,431
942,1102,430
943,1102,429
944,1102,428
945,1102,427
946,1102,426
947,1102,425
948,1102,424
949,1102,423
950,1102,422
951,1102,421
952,1102,420
953,1102,419
954,1102,418
955,1102,417
956,1102,416
957,1102,415
958,1102,414
959,1102,413
960,1102,412
961,1102,411
962,1102,410
963,1102,409
964,1102,408
965,1102,407
966,1102,406
967,1102,405
968,1102,404
969,1102,403
970,1102,402
971,1102,401
972,1102,400
973,1102,399
974,1102,398
975,1102,397
976,1102,396
977,1102,395
978,1102,394
979,1102,393
980,1102,392
981,1102,391
982,1102,390
983,1102,389
984,1102,388
985,1102,387
986,1102,386
987,1102,385
988,1102,384
989,1102,383
990,1102,382
991,1102,381
992,1102,380
993,1102,379
994,1102,378
995,1102,377
996,1102,376
997,1102,375
998,1102,374
999,1102,373
1000,1102,372
1001,1102,371
1002,1102,370
1003,1102,369
1004,1101,368
1005,1101,367
1006,1101,366
1007,1101,365
1008,1101,365
1009,1101,365
1010,1101,365
1011,1101,365
1012,1101,365
1013,1101,365
1014,1101,365
1015,1101,365
1016,1101,365
1017,1101,365
1018,1101,365
1019,1101,365
1020,1101,365
1021,1101,365
1022,1101,365
1023,1101,365
1024,1101,365
1025,1101,365
1026,1101,365
1027,1101,365
1028,1101,365
1029,1101,365
1030,1101,365
1031,1101,365
1032,1101,365
1033,1101,365
1034,1101,365
1035,1101,365
1036,1101,364
1037,1101,363
1038,1101,362
1039,1101,361
1040,1101,360
1041,1101,359
1042,1101,358
1043,1101,357
1044,1101,357
1045,1101,357
1046,1101,357
1047,1101,357
1048,1101,357
1049,1101,357
1050,1101,357
1051,1101,357
1052,1101,357
1053,1101,357
1054,1101,356
1055,1101,356
1056,1101,355
1057,1101,354
1058,1101,353
1059,1101,352
1060,1101,351
1061,1101,350
1062,1101,349
1063,1101,348
1064,1101,347
1065,1101,346
1066,1101,345
1067,1101,344
1068,1101,343
1069,1101,342
1070,1101,341
1071,1101,340
1072,1101,339
1073,1101,338
1074,1101,337
1075,1101,336
1076,1101,335
1077,1101,334
1078,1100,333
1079,1099,332
1080,1098,331
1081,1097,330
1082,1097,329
1083,1097,328
1084,1096,327
1085,1096,326
1086,1096,325
1087,1096,324
1088,1096,323
1089,1096,322
1090,1096,321
1091,1096,320
1092,1096,319
1093,1096,318
1094,1096,317
1095,1096,316
1096,1096,315
1097,1096,314
1098,1096,313
1099,1096,312
1100,1096,311
1101,1096,310
1102,1096,309
1103,1096,308
1104,1096,307
1105,1096,306
1106,1096,305
1107,1096,304
1108,1096,304
1109,1096,304
1110,1096,304
1111,1096,304
1112,1096,304
1113,1096,304
1114,1096,304
1115,1096,304
1116,1096,304
1117,1096,304
1118,1096,304
1119,1096,304
1120,1096,304
1121,1096,304
1122,1096,304
1123,1096,304
1124,1096,304
1125,1096,304
1126,1097,305
1127,1098,306
1128,1099,307
1129,1100,308
1130,1101,309
1131,1102,310
1132,1103,311
1133,1104,312
1134,1105,313
1135,1106,314
1136,1106,314
1137,1106,314
1138,1107,315
1139,1107,315
1140,1108,316
1141,1108,316
1142,1109,317
1143,1109,317
1144,1109,317
1145,1109,317
1146,1109,317
1147,1109,317
1148,1109,317
1149,1109,317
1150,1109,317
1151,1109,317
1152,1109,317
1153,1109,317
1154,1109,317
1155,1109,317
1156,1109,317
1157,1109,317
1158,1109,317
1159,1109,317
1160,1109,317
1161,1109,317
1162,1109,317
1163,1109,317
1164,1109,317
1165,1109,317
1166,1109,317
1167,1109,317
1168,1109,317
1169,1109,317
1170,1109,317
1171,1109,317
1172,1109,317
1173,1109,317
1174,1109,317
1175,1109,317
1176,1109,317
1177,1109,317
1178,1109,317
1179,1109,317
1180,1109,317
1181,1109,317
1182,1109,317
1183,1109,317
1184,1109,317
1185,1109,317
1186,1109,317
1187,1109,317
1188,1109,317
1189,1109,317
1190,1109,317
1191,1109,317
1192,1109,317
1193,1109,317
1194,1109,317
1195,1109,317
1196,1109,317
1197,1109,317
1198,1109,317
1199,1109,317
1200,1109,317
1201,1109,317
1202,1109,317
1203,1109,317
1204,1108,317
1205,1107,317
1206,1107,317
1207,1107,317
1208,1110,317
1209,1109,317
1210,1109,317
1211,1108,317
1212,1108,317
1213,1108,317
1214,1108,317
1215,1108,317
1216,1108,317
1217,1108,317
1218,1108,317
1219,1108,317
1220,1108,317
1221,1108,317
1222,1108,317
1223,1108,317
1224,1108,317
1225,1108,317
1226,1108,317
1227,1108,317
1228,1108,317
1229,1108,317
1230,1108,317
1231,1108,317
1232,1108,317
1233,1108,317
1234,1108,317
1235,1108,317
1236,1107,317
1237,1106,317
1238,1105,317
1239,1104,317
1240,1103,317
1241,1103,317
1242,1103,317
1243,1103,317
1244,1103,317
1245,1103,317
1246,1103,317
1247,1103,317
1248,1103,317
1249,1103,317
1250,1103,317
1251,1103,317
1252,1103,317
1253,1103,317
1254,1103,317
1255,1103,317
1256,1103,317
1257,1103,317
1258,1102,317
1259,1101,317
1260,1100,317
1261,1099,317
1262,1098,317
1263,1097,317
1264,1096,317
1265,1095,317
1266,1094,317
1267,1093,317
1268,1092,317
1269,1091,317
1270,1090,317
1271,1089,317
1272,1088,317
1273,1087,317
1274,1086,317
1275,1086,317
1276,1086,317
1277,1086,317
1278,1086,317
1279,1086,317
1280,1086,317
1281,1086,317
1282,1086,317
1283,1086,317
1284,1086,317
1285,1086,317
1286,1086,317
1287,1086,317
1288,1087,317
1289,1090,317
1290,1091,316
1291,1092,315
1292,1095,315
1293,1098,315
1294,1099,314
1295,1100,313
1296,1101,312
1297,1102,311
1298,1103,310
1299,1104,309
1300,1105,308
1301,1106,307
1302,1107,306
1303,1108,305
1304,1109,304
1305,1110,303
1306,1111,302
1307,1112,301
1308,1113,300
1309,1114,299
1310,1115,298
1311,1116,297
1312,1117,296
1313,1118,295
1314,1119,294
1315,1120,293
1316,1121,292
1317,1122,291
1318,1122,291
1319,1122,291
1320,1122,291
1321,1122,291
1322,1122,291
1323,1122,291
1324,1122,291
1325,1122,291
1326,1122,291
1327,1122,291
1328,1122,291
1329,1122,291
1330,1122,291
1331,1122,291
1332,1122,291
1333,1122,291
1334,1122,291
1335,1122,291
1336,1122,291
1337,1122,291
1338,1122,291
1339,1122,291
1340,1122,291
1341,1122,291
1342,1122,291
1343,1122,291
1344,1122,291
1345,1122,291
1346,1122,291
1347,1122,291
1348,1122,291
1349,1122,291
1350,1122,291
1351,1122,291
1352,1122,291
1353,1122,291
1354,1122,291
1355,1122,291
1356,1122,291
1357,1122,291
1358,1122,291
1359,1122,291
1360,1122,291
1361,1122,291
1362,1122,291
1363,1122,291
1364,1122,291
1365,1122,291
1366,1122,291
1367,1122,291
1368,1122,291
1369,1122,291
1370,1122,291
1371,1122,291
1372,1122,291
1373,1122,291
1374,1122,291
1375,1122,291
1376,1122,291
1377,1122,291
1378,1122,291
1379,1122,291
1380,1122,291
1381,1124,292
1382,1126,293
1383,1128,294
1384,1130,295
1385,1132,296
1386,1134,297
1387,1136,298
1388,1137,298
1389,1137,298
1390,1137,298
1391,1137,298
1392,1137,298
1393,1137,298
1394,1137,298
1395,1137,298
1396,1137,298
1397,1137,298
1398,1137,298
1399,1137,298
1400,1137,298
1401,1137,298
1402,1137,297
1403,1137,296
1404,1137,295
1405,1137,294
1406,1137,293
1407,1137,292
1408,1137,291
1409,1137,290
1410,1137,289
1411,1137,288
1412,1137,287
1413,1137,286
1414,1137,285
1415,1137,284
1416,1137,283
1417,1137,282
1418,1137,281
1419,1137,281
1420,1137,281
1421,1137,281
1422,1137,281
1423,1137,281
1424,1137,281
1425,1137,281
1426,1137,281
1427,1137,281
1428,1137,281
1429,1137,281
1430,1137,281
1431,1137,281
1432,1137,281
1433,1137,281
1434,1137,281
1435,1137,280
1436,1137,278
1437,1137,277
1438,1137,277
1439,1138,276
1440,1139,274
1441,1140,272
1442,1141,271
1443,1142,270
1444,1145,269
1445,1148,268
1446,1149,266
1447,1152,265
1448,1152,265
1449,1152,265
1450,1152,265
1451,1152,265
1452,1152,265
1453,1152,265
1454,1152,265
1455,1152,265
1456,1152,265
1457,1152,265
1458,1152,265
1459,1152,265
1460,1152,265
1461,1152,265
1462,1152,265
1463,1152,265
1464,1152,265
1465,1152,265
1466,1152,265
1467,1152,265
1468,1152,265
1469,1152,265
1470,1152,265
1471,1152,265
1472,1152,265
1473,1152,265
1474,1152,265
1475,1152,265
1476,1152,265
1477,1152,265
1478,1152,265
1479,1152,265
1480,1152,265
1481,1152,265
1482,1152,265
1483,1152,265
1484,1152,265
1485,1152,265
1486,1152,265
1487,1152,265
1488,1152,265
1489,1152,265
1490,1152,265
1491,1152,265
1492,1152,265
1493,1152,265
1494,1152,265
1495,1152,265
1496,1152,265
1497,1152,265
1498,1153,265
1499,1156,264
1500,1157,262
1501,1158,260
1502,1159,258
1503,1160,256
1504,1161,254
1505,1162,252
1506,1163,250
1507,1164,248
1508,1165,246
1509,1166,244
1510,1167,242
1511,1168,240
1512,1171,239
1513,1171,238
1514,1171,238
1515,1171,238
1516,1171,238
1517,1171,238
1518,1171,238
1519,1171,238
1520,1171,238
1521,1171,238
1522,1171,238
1523,1171,238
1524,1171,238
1525,1171,238
1526,1171,238
1527,1171,238
1528,1171,238
1529,1171,238
1530,1171,238
1531,1171,238
1532,1171,238
1533,1171,238
1534,1171,238
1535,1171,238
1536,1171,238
1537,1171,238
1538,1171,238
1539,1171,238
1540,1171,238
1541,1171,238
1542,1171,238
1543,1171,238
1544,1171,238
1545,1171,238
1546,1171,238
1547,1171,238
1548,1171,238
1549,1171,238
1550,1171,238
1551,1171,238
1552,1170,238
1553,1170,238
1554,1169,239
1555,1168,240
1556,1168,240
1557,1168,240
1558,1167,241
1559,1167,241
1560,1166,241
1561,1166,241
1562,1165,242
1563,1164,243
1564,1163,244
1565,1162,245
1566,1161,246
1567,1160,247
1568,1159,248
1569,1158,249
1570,1157,250
1571,1156,251
1572,1156,252
1573,1156,253
1574,1156,254
1575,1155,255
1576,1154,256
1577,1153,257
1578,1152,258
1579,1151,259
1580,1150,260
1581,1149,261
1582,1148,262
1583,1147,263
1584,1146,264
1585,1145,265
1586,1144,266
1587,1143,267
1588,1142,268
1589,1141,269
1590,1140,270
1591,1139,271
1592,1138,272
1593,1137,273
1594,1136,274
1595,1136,274
1596,1135,274
1597,1134,274
1598,1133,274
1599,1132,274
1600,1131,274
1601,1130,274
1602,1129,274
1603,1128,274
1604,1127,274
1605,1126,274
1606,1125,274
1607,1124,274
1608,1123,274
1609,1122,274
1610,1121,274
1611,1120,274
1612,1119,274
1613,1118,274
1614,1117,274
1615,1116,274
1616,1115,274
1617,1114,274
1618,1113,274
1619,1112,274
1620,1111,274
1621,1110,274
1622,1109,274
1623,1108,274
1624,1107,274
1625,1106,274
1626,1105,274
1627,1104,274
1628,1103,274
1629,1102,274
1630,1101,274
1631,1100,274
1632,1099,274
1633,1098,274
1634,1097,274
1635,1096,274
1636,1095,274
1637,1094,274
1638,1093,274
1639,1092,274
1640,1091,274
1641,1090,274
1642,1090,274
1643,1090,274
1644,1090,274
1645,1089,275
1646,1089,275
1647,1089,275
1648,1088,276
1649,1088,276
1650,1087,276
1651,1086,276
1652,1088,276
1653,1090,276
1654,1092,276
1655,1091,276
1656,1090,276
1657,1089,276
1658,1088,276
1659,1087,276
1660,1086,276
1661,1085,276
1662,1084,276
1663,1083,276
1664,1082,276
1665,1081,276
1666,1080,276
1667,1079,276
1668,1078,276
1669,1077,276
1670,1076,276
1671,1075,276
1672,1074,276
1673,1073,276
1674,1072,276
1675,1071,276
1676,1070,276
1677,1069,276
1678,1068,276
1679,1067,276
1680,1066,276
1681,1065,276
1682,1065,276
1683,1065,276
1684,1064,277
1685,1063,277
1686,1065,277
1687,1064,277
1688,1063,277
1689,1062,277
1690,1061,277
1691,1060,277
1692,1059,277
1693,1058,277
1694,1057,277
1695,1056,277
1696,1055,277
1697,1054,277
1698,1053,277
1699,1052,277
1700,1051,277
1701,1050,277
1702,1049,277
1703,1048,277
1704,1047,277
1705,1046,277
1706,1045,277
1707,1044,277
1708,1043,277
1709,1042,277
1710,1041,277
1711,1040,277
1712,1039,277
1713,1038,277
1714,1037,277
1715,1036,277
1716,1035,277
1717,1034,277
1718,1033,277
1719,1032,277
1720,1031,277
1721,1031,277
1722,1031,277
1723,1030,277
1724,1032,277
1725,1031,277
1726,1030,277
1727,1029,277
1728,1028,277
1729,1027,277
1730,1026,277
1731,1025,277
1732,1024,277
1733,1023,277
1734,1022,277
1735,1021,277
1736,1020,277
1737,1019,277
1738,1018,277
1739,1017,277
1740,1016,277
1741,1015,277
1742,1014,277
1743,1013,277
1744,1012,277
1745,1011,277
1746,1010,277
1747,1009,277
1748,1008,277
1749,1007,277
1750,1006,277
1751,1005,277
1752,1004,277
1753,1003,277
1754,1002,277
1755,1001,277
1756,1000,277
1757,999,277
1758,998,277
1759,997,277
1760,996,277
1761,995,277
1762,994,277
1763,993,277
1764,992,277
1765,991,277
1766,990,277
1767,989,277
1768,988,277
1769,987,277
1770,986,277
1771,985,277
1772,984,277
1773,983,277
1774,982,277
1775,981,277
1776,980,277
1777,979,277
1778,978,277
1779,977,277
1780,976,277
1781,975,277
1782,974,277
1783,973,277
1784,972,277
1785,971,277
1786,971,277
1787,971,277
1788,971,277
1789,970,277
1790,969,277
1791,968,277
1792,967,277
1793,966,277
1794,965,277
1795,963,277
1796,961,277
1797,959,277
1798,957,277
1799,955,277
1800,953,277
1801,951,277
1802,949,277
1803,947,277
1804,945,277
1805,943,277
1806,941,277
1807,939,277
1808,937,277
1809,935,277
1810,933,277
1811,931,277
1812,929,277
1813,927,277
1814,925,277
1815,923,277
1816,921,277
1817,919,277
1818,917,277
1819,915,277
1820,913,277
1821,911,277
1822,909,277
1823,907,277
1824,905,277
1825,903,277
1826,901,277
1827,899,277
1828,897,277
1829,895,277
1830,893,277
1831,891,277
1832,889,277
1833,887,277
1834,885,277
1835,883,277
1836,881,277
1837,879,277
1838,877,277
1839,875,277
1840,873,277
1841,871,277
1842,869,277
1843,867,277
1844,865,277
1845,863,277
1846,861,277
1847,859,277
1848,857,277
1849,855,277
1850,853,277
1851,851,277
1852,849,277
1853,847,277
1854,845,277
1855,843,277
1856,841,277
1857,839,277
1858,837,277
1859,835,277
1860,833,277
1861,831,277
1862,829,277
1863,827,277
1864,825,277
1865,823,277
1866,821,277
1867,819,277
1868,817,277
1869,815,277
1870,813,277
1871,811,277
1872,809,277
1873,807,277
1874,805,277
1875,803,277
1876,801,277
1877,799,277
1878,797,277
1879,795,277
1880,793,277
1881,791,277
1882,789,277
1883,787,277
1884,785,277
1885,783,277
1886,781,277
1887,779,277
1888,777,277
1889,775,277
1890,773,277
1891,771,277
1892,769,277
1893,767,277
1894,766,277
1895,766,277
1896,766,277
1897,766,277
1898,766,277
1899,766,277
1900,766,277
1901,766,277
1902,766,277
1903,766,277
1904,766,277
1905,766,277
1906,766,277
1907,765,276
1908,764,275
1909,764,274
1910,764,273
1911,764,272
1912,764,271
1913,763,271
1914,763,271
1915,763,271
1916,763,271
1917,763,271
1918,763,271
1919,763,271
1920,763,271
1921,763,271
1922,763,271
1923,763,271
1924,763,271
1925,763,271
1926,763,271
1927,763,271
1928,762,270
1929,761,269
1930,760,268
1931,759,267
1932,758,266
1933,757,265
1934,756,264
1935,755,264
1936,754,264
1937,753,264
1938,753,264
1939,753,264
1940,753,264
1941,753,264
1942,753,264
1943,753,264
1944,753,264
1945,753,264
1946,753,264
1947,753,264
1948,753,264
1949,753,264
1950,752,263
1951,751,262
1952,750,261
1953,749,260
1954,748,259
1955,747,258
1956,746,257
1957,745,256
1958,744,256
1959,743,256
1960,742,256
1961,742,256
1962,742,256
1963,742,256
1964,742,256
1965,742,256
1966,742,256
1967,742,256
1968,742,256
1969,742,256
1970,742,256
1971,742,256
1972,742,256
1973,742,256
1974,741,256
1975,740,256
1976,739,256
1977,738,255
1978,737,254
1979,736,253
1980,735,253
1981,734,253
1982,733,253
1983,732,253
1984,731,253
1985,731,253
1986,731,253
1987,731,253
1988,731,253
1989,731,253
1990,731,253
1991,731,253
1992,731,253
1993,731,253
1994,731,253
1995,731,252
1996,731,251
1997,731,250
1998,731,249
1999,731,248
2000,731,247
2001,731,246
2002,731,245
2003,731,244
2004,731,243
2005,731,242
2006,731,241
2007,731,240
2008,731,239
2009,731,238
2010,731,237
2011,731,237
2012,731,237
2013,731,237
2014,731,237
2015,731,237
2016,731,237
2017,731,237
2018,731,237
2019,731,237
2020,731,237
2021,731,237
2022,730,237
2023,728,237
2024,726,237
2025,725,237
2026,723,237
2027,722,237
2028,721,237
2029,720,237
2030,719,237
2031,718,237
2032,717,237
2033,716,237
2034,715,237
2035,713,237
2036,712,237
2037,711,237
2038,710,237
2039,709,237
2040,707,237
2041,705,237
2042,704,237
2043,703,237
2044,701,237
2045,700,237
2046,699,237
2047,697,237
2048,695,237
2049,693,237
2050,691,237
2051,689,237
2052,687,237
2053,685,237
2054,683,237
2055,681,237
2056,679,237
2057,677,237
2058,675,237
2059,674,237
2060,673,237
2061,673,237
2062,673,237
2063,673,237
2064,673,237
2065,673,237
2066,673,237
2067,673,237
2068,673,237
2069,673,237
2070,673,237
2071,673,237
2072,673,237
2073,673,237
2074,673,237
2075,673,237
2076,673,237
2077,673,237
2078,673,237
2079,673,237
2080,673,237
2081,673,237
2082,673,237
2083,673,237
2084,672,237
2085,671,237
2086,670,237
2087,669,237
2088,668,237
2089,667,237
2090,666,237
2091,665,237
2092,664,237
2093,663,237
2094,663,237
2095,663,237
2096,663,237
2097,663,237
2098,663,237
2099,663,237
2100,663,237
2101,663,237
2102,663,237
2103,663,237
2104,663,237
2105,663,237
2106,663,237
2107,663,237
2108,663,237
2109,663,237
2110,663,237
2111,663,237
2112,663,237
2113,663,237
2114,662,238
2115,661,238
2116,659,238
2117,657,238
2118,655,238
2119,653,238
2120,651,238
2121,649,238
2122,647,238
2123,645,238
2124,643,238
2125,641,238
2126,639,238
2127,637,238
2128,635,238
2129,635,238
2130,635,238
2131,635,238
2132,635,238
2133,635,238
2134,635,238
2135,635,238
2136,635,238
2137,635,238
2138,635,238
2139,635,238
2140,635,238
2141,635,238
2142,635,238
2143,635,238
2144,635,238
2145,635,238
2146,635,238
2147,635,238
2148,635,238
2149,635,238
2150,635,238
2151,635,238
2152,635,238
2153,635,238
2154,635,238
2155,635,238
2156,635,238
2157,635,238
2158,635,238
2159,635,238
2160,635,239
2161,635,240
2162,635,241
2163,635,242
2164,635,243
2165,635,244
2166,635,245
2167,635,246
2168,635,247
2169,635,248
2170,634,249
2171,633,250
2172,632,251
2173,631,252
2174,630,253
2175,629,254
2176,628,255
2177,627,256
2178,626,257
2179,625,258
2180,624,259
2181,623,260
2182,622,261
2183,621,262
2184,620,263
2185,619,264
2186,618,265
2187,617,266
2188,616,267
2189,615,268
2190,614,269
2191,613,270
2192,612,271
2193,611,272
2194,610,273
2195,610,274
2196,610,275
2197,610,275
2198,610,275
2199,610,275
2200,610,275
2201,610,275
2202,610,275
2203,610,275
2204,610,275
2205,610,276
2206,610,278
2207,610,280
2208,610,282
2209,610,284
2210,610,286
2211,610,288
2212,610,290
2213,610,291
2214,610,291
2215,610,291
2216,610,291
2217,610,291
2218,610,291
2219,610,291
2220,610,291
2221,610,291
2222,610,291
2223,610,291
2224,610,291
2225,610,292
2226,610,293
2227,610,294
2228,610,294
2229,610,294
2230,610,296
2231,610,298
2232,610,300
2233,610,302
2234,610,304
2235,610,306
2236,610,308
2237,610,310
2238,610,312
2239,610,313
2240,610,314
2241,610,314
2242,610,314
2243,610,314
2244,610,314
2245,610,314
2246,610,314
2247,610,314
2248,610,314
2249,610,314
2250,610,316
2251,610,318
2252,610,320
2253,610,322
2254,610,324
2255,610,326
2256,610,328
2257,610,330
2258,610,332
2259,610,334
2260,610,336
2261,610,338
2262,610,340
2263,610,342
2264,610,344
2265,610,346
2266,610,348
2267,610,350
2268,610,352
2269,610,353
2270,610,353
2271,610,353
2272,610,353
2273,610,353
2274,610,353
2275,610,353
2276,610,353
2277,610,353
2278,610,353
2279,610,353
2280,610,354
2281,610,355
2282,610,356
2283,610,357
2284,610,358
2285,610,359
2286,610,359
2287,610,359
2288,610,360
2289,610,361
2290,610,362
2291,610,363
2292,610,364
2293,611,366
2294,611,367
2295,612,369
2296,612,370
2297,613,372
2298,613,373
2299,613,374
2300,613,375
2301,613,376
2302,613,377
2303,613,379
2304,613,381
2305,613,383
2306,613,385
2307,613,387
2308,613,389
2309,613,391
2310,613,393
2311,613,395
2312,613,397
2313,613,399
2314,613,401
2315,613,403
2316,613,405
2317,613,407
2318,613,409
2319,613,411
2320,613,413
2321,613,415
2322,613,417
2323,613,419
2324,613,421
2325,613,422
2326,613,423
2327,613,425
2328,613,427
2329,613,429
2330,613,430
2331,613,430
2332,613,430
2333,613,430
2334,613,430
2335,613,430
2336,613,430
2337,613,430
2338,613,430
2339,613,430
2340,613,430
2341,613,430
2342,613,430
2343,613,430
2344,613,430
2345,614,432
2346,614,434
2347,614,436
2348,614,438
2349,614,440
2350,614,442
2351,614,444
2352,614,446
2353,614,448
2354,614,450
2355,614,452
2356,614,454
2357,614,456
2358,614,458
2359,614,460
2360,614,462
2361,614,464
2362,614,466
2363,614,468
2364,614,470
2365,614,472
2366,614,474
2367,614,475
2368,614,476
2369,614,477
2370,614,479
2371,614,481
2372,614,483
2373,614,484
2374,614,485
2375,614,486
2376,614,487
2377,614,488
2378,614,488
2379,614,488
2380,614,488
2381,614,488
2382,614,488
2383,614,488
2384,614,488
2385,614,488
2386,614,488
2387,614,488
2388,614,488
2389,614,488
2390,614,488
2391,614,488
2392,614,488
2393,614,489
2394,614,490
2395,614,491
2396,614,492
2397,614,493
2398,613,494
2399,612,495
2400,611,496
2401,610,497
2402,609,498
2403,608,499
2404,607,500
2405,606,501
2406,605,502
2407,604,503
2408,603,504
2409,602,505
2410,601,506
2411,601,507
2412,601,508
2413,601,508
2414,601,508
2415,601,508
2416,601,508
2417,601,508
2418,601,508
2419,601,508
2420,601,508
2421,601,508
2422,601,508
2423,601,508
2424,601,508
2425,601,508
2426,601,509
2427,601,510
2428,601,511
2429,601,512
2430,601,513
2431,601,514
2432,601,515
2433,601,516
2434,601,517
2435,601,518
2436,601,519
2437,601,520
2438,601,521
2439,601,522
2440,601,523
2441,601,524
2442,601,525
2443,601,526
2444,601,527
2445,601,528
2446,601,529
2447,601,530
2448,601,531
2449,601,532
2450,601,533
2451,601,534
2452,601,535
2453,601,536
2454,601,537
2455,601,538
2456,601,539
2457,601,540
2458,601,541
2459,601,542
2460,601,543
2461,601,544
2462,601,545
2463,601,546
2464,601,547
2465,601,548
2466,601,549
2467,601,550
2468,601,551
2469,601,552
2470,601,552
2471,601,552
2472,601,552
2473,601,552
2474,601,552
2475,601,552
2476,601,552
2477,601,552
2478,601,552
2479,601,553
2480,601,554
2481,601,555
2482,601,556
2483,601,557
2484,601,558
2485,601,559
2486,601,560
2487,601,561
2488,601,562
2489,601,563
2490,601,563
2491,602,564
2492,603,565
2493,603,565
2494,604,566
2495,605,567
2496,606,568
2497,607,569
2498,608,570
2499,609,571
2500,610,572
2501,611,573
2502,612,574
2503,613,575
2504,614,576
2505,615,577
2506,616,578
2507,617,579
2508,617,579
2509,617,579
2510,617,579
2511,617,579
2512,617,579
2513,617,579
2514,617,579
2515,617,579
2516,617,579
2517,618,580
2518,619,581
2519,620,582
2520,621,583
2521,622,584
2522,623,585
2523,624,586
2524,625,587
2525,626,589
2526,627,592
2527,627,592
2528,627,592
2529,627,592
2530,628,595
2531,628,595
2532,628,595
2533,628,598
2534,628,601
2535,628,604
2536,628,604
2537,628,607
2538,628,610
2539,628,613
2540,628,616
2541,628,619
2542,628,622
2543,628,625
2544,628,628
2545,628,631
2546,628,634
2547,628,637
2548,628,640
2549,628,643
2550,628,646
2551,629,648
2552,629,648
2553,629,648
2554,629,651
2555,629,651
2556,629,651
2557,629,654
2558,629,654
2559,630,656
2560,631,658
2561,632,659
2562,632,659
2563,632,659
2564,632,659
2565,632,659
2566,632,659
2567,632,659
2568,632,659
2569,632,659
2570,632,659
2571,632,659
2572,632,659
2573,632,659
2574,632,659
2575,632,659
2576,632,660
2577,632,662
2578,632,664
2579,632,666
2580,632,668
2581,632,670
2582,632,672
2583,632,674
2584,632,676
2585,632,678
2586,632,679
2587,632,680
2588,632,681
2589,632,682
2590,632,683
2591,632,684
2592,632,685
2593,632,685
2594,633,686
2595,633,686
2596,633,686
2597,634,687
2598,635,688
2599,635,688
2600,635,688
2601,635,688
2602,635,688
2603,635,688
2604,635,688
2605,635,688
2606,635,688
2607,635,688
2608,635,688
2609,635,688
2610,635,688
2611,635,688
2612,635,688
2613,635,688
2614,635,688
2615,635,688
2616,635,688
2617,635,688
2618,635,688
2619,635,688
2620,635,688
2621,635,688
2622,635,688
2623,635,688
2624,635,688
