,pos_X,pos_Y
0,607,676
1,607,676
2,607,676
3,607,676
4,607,676
5,607,676
6,607,676
7,607,676
8,607,676
9,607,676
10,607,676
11,607,676
12,607,676
13,607,676
14,607,676
15,607,676
16,607,676
17,607,676
18,607,676
19,607,676
20,607,676
21,607,676
22,607,676
23,607,676
24,607,676
25,607,676
26,607,676
27,607,676
28,607,676
29,607,676
30,607,676
31,607,676
32,607,676
33,607,676
34,607,676
35,607,676
36,607,676
37,607,676
38,607,676
39,607,676
40,607,676
41,607,676
42,607,676
43,607,676
44,607,676
45,607,676
46,607,676
47,607,676
48,607,676
49,607,676
50,607,676
51,607,676
52,607,676
53,607,676
54,607,676
55,607,676
56,608,676
57,609,676
58,610,676
59,611,676
60,612,676
61,613,676
62,614,676
63,615,676
64,616,676
65,617,676
66,618,676
67,619,676
68,620,676
69,621,676
70,622,676
71,623,676
72,624,676
73,625,676
74,625,676
75,625,676
76,625,676
77,625,676
78,628,675
79,631,674
80,634,673
81,637,672
82,640,671
83,640,669
84,642,668
85,642,667
86,642,666
87,642,665
88,642,665
89,642,665
90,642,665
91,642,665
92,642,665
93,642,665
94,642,665
95,642,665
96,642,665
97,642,665
98,642,665
99,642,665
100,643,665
101,646,664
102,648,663
103,650,662
104,653,661
105,655,660
106,657,659
107,660,658
108,663,657
109,666,656
110,666,655
111,666,655
112,666,655
113,666,655
114,666,655
115,666,655
116,666,655
117,666,655
118,666,655
119,666,655
120,666,655
121,666,655
122,666,655
123,668,655
124,671,654
125,674,653
126,677,652
127,680,651
128,683,650
129,686,649
130,689,648
131,692,647
132,695,646
133,698,645
134,701,644
135,704,643
136,706,642
137,706,642
138,706,642
139,706,642
140,706,642
141,706,642
142,706,642
143,706,642
144,706,642
145,706,642
146,707,642
147,708,641
148,709,640
149,711,639
150,713,639
151,716,638
152,718,637
153,718,637
154,718,637
155,718,637
156,718,637
157,718,637
158,718,637
159,718,637
160,718,637
161,718,637
162,718,637
163,718,637
164,718,637
165,718,637
166,721,636
167,724,635
168,727,634
169,730,633
170,733,632
171,736,631
172,739,630
173,742,629
174,745,628
175,748,627
176,750,626
177,750,626
178,750,626
179,750,626
180,750,626
181,750,626
182,750,626
183,750,626
184,750,626
185,750,626
186,750,626
187,750,626
188,750,626
189,750,626
190,750,626
191,752,625
192,754,624
193,756,623
194,758,622
195,761,621
196,764,620
197,767,619
198,770,618
199,773,617
200,773,617
201,773,617
202,773,617
203,773,617
204,773,617
205,773,617
206,773,617
207,773,617
208,773,617
209,773,617
210,773,617
211,773,617
212,776,616
213,779,615
214,782,614
215,785,613
216,788,612
217,791,611
218,794,610
219,797,609
220,800,608
221,803,607
222,806,606
223,809,605
224,812,604
225,815,603
226,818,602
227,818,602
228,818,602
229,818,602
230,818,602
231,818,602
232,818,602
233,818,602
234,818,602
235,818,602
236,818,602
237,818,602
238,821,601
239,824,600
240,827,599
241,830,598
242,833,597
243,836,596
244,839,595
245,842,594
246,845,593
247,848,592
248,851,591
249,854,590
250,857,589
251,860,588
252,863,587
253,863,587
254,863,587
255,863,587
256,863,587
257,863,587
258,863,587
259,863,587
260,863,587
261,863,587
262,863,587
263,863,587
264,863,587
265,863,587
266,863,587
267,863,587
268,863,587
269,866,586
270,869,585
271,872,584
272,875,583
273,878,582
274,881,581
275,883,580
276,883,580
277,883,580
278,883,580
279,883,580
280,883,580
281,883,580
282,883,580
283,883,580
284,883,580
285,883,580
286,883,580
287,883,580
288,883,580
289,883,580
290,883,580
291,883,580
292,883,580
293,883,580
294,883,580
295,883,580
296,883,580
297,883,580
298,883,580
299,883,580
300,883,580
301,883,580
302,883,580
303,883,580
304,883,580
305,883,580
306,886,579
307,889,578
308,892,577
309,895,576
310,898,575
311,901,574
312,902,572
313,903,570
314,904,568
315,907,567
316,910,566
317,913,565
318,913,565
319,913,565
320,913,565
321,913,565
322,913,565
323,913,565
324,913,565
325,913,565
326,913,565
327,913,565
328,913,565
329,913,565
330,913,565
331,913,565
332,914,565
333,915,565
334,916,565
335,917,565
336,918,565
337,919,565
338,920,565
339,921,565
340,922,565
341,923,565
342,924,565
343,925,565
344,928,565
345,930,565
346,933,565
347,936,565
348,939,565
349,942,565
350,944,564
351,945,564
352,946,564
353,947,564
354,948,564
355,949,564
356,950,564
357,951,564
358,952,564
359,953,564
360,954,564
361,955,564
362,956,564
363,957,564
364,958,564
365,959,564
366,960,564
367,961,564
368,962,564
369,963,564
370,964,564
371,965,564
372,966,564
373,967,564
374,968,564
375,969,564
376,970,564
377,971,564
378,972,564
379,973,564
380,973,564
381,973,564
382,973,564
383,973,564
384,973,564
385,973,564
386,973,564
387,973,564
388,973,564
389,973,564
390,973,564
391,973,564
392,973,564
393,973,564
394,973,564
395,973,564
396,973,564
397,973,565
398,973,566
399,973,567
400,973,568
401,973,569
402,973,570
403,973,571
404,973,571
405,973,571
406,973,571
407,973,571
408,976,572
409,979,573
410,982,574
411,985,575
412,988,576
413,992,577
414,996,578
415,999,579
416,1002,581
417,1005,583
418,1008,584
419,1011,586
420,1014,588
421,1017,590
422,1020,592
423,1023,594
424,1026,596
425,1029,598
426,1033,600
427,1036,602
428,1039,604
429,1042,606
430,1045,608
431,1048,610
432,1051,612
433,1054,614
434,1057,616
435,1060,618
436,1063,620
437,1066,622
438,1068,624
439,1070,626
440,1072,628
441,1074,630
442,1075,632
443,1076,635
444,1078,638
445,1080,641
446,1082,644
447,1084,648
448,1086,652
449,1087,655
450,1089,659
451,1091,663
452,1094,667
453,1097,671
454,1099,674
455,1101,677
456,1103,679
457,1106,681
458,1109,683
459,1112,685
460,1115,687
461,1119,690
462,1122,692
463,1125,694
464,1128,696
465,1131,698
466,1134,700
467,1137,702
468,1139,704
469,1141,706
470,1143,708
471,1145,710
472,1148,712
473,1150,713
474,1153,715
475,1155,717
476,1157,719
477,1159,721
478,1161,723
479,1163,724
480,1163,724
481,1163,724
482,1165,724
483,1167,724
484,1167,724
485,1169,724
486,1171,724
487,1171,724
488,1173,724
489,1175,724
490,1175,724
491,1175,724
492,1177,725
493,1179,725
494,1179,725
495,1179,725
496,1179,725
497,1179,725
498,1179,725
499,1179,725
500,1179,725
501,1181,725
502,1181,725
503,1181,725
504,1181,725
505,1183,725
506,1184,725
507,1184,725
508,1184,725
509,1184,725
510,1184,725
511,1184,725
512,1184,725
513,1184,725
514,1184,725
515,1184,725
516,1184,725
517,1184,725
518,1184,725
519,1184,724
520,1184,723
521,1184,722
522,1184,721
523,1184,720
524,1184,719
525,1184,718
526,1184,717
527,1184,716
528,1184,715
529,1184,714
530,1184,713
531,1184,712
532,1184,711
533,1184,710
534,1184,709
535,1184,708
536,1184,707
537,1184,706
538,1184,705
539,1184,704
540,1184,703
541,1184,702
542,1184,701
543,1184,700
544,1184,699
545,1184,698
546,1184,697
547,1184,696
548,1184,695
549,1184,694
550,1184,693
551,1184,692
552,1184,691
553,1184,690
554,1184,689
555,1184,688
556,1184,687
557,1184,686
558,1184,685
559,1184,684
560,1184,683
561,1184,682
562,1184,681
563,1184,680
564,1184,679
565,1184,678
566,1184,677
567,1184,676
568,1184,675
569,1184,674
570,1184,673
571,1184,672
572,1184,671
573,1184,670
574,1184,669
575,1184,668
576,1184,667
577,1184,666
578,1184,665
579,1184,664
580,1184,663
581,1184,662
582,1184,661
583,1184,660
584,1184,659
585,1184,658
586,1184,657
587,1184,656
588,1184,655
589,1184,654
590,1184,653
591,1184,652
592,1184,651
593,1184,650
594,1184,649
595,1184,648
596,1184,647
597,1184,646
598,1184,645
599,1184,644
600,1184,643
601,1184,642
602,1184,641
603,1184,640
604,1184,639
605,1184,638
606,1184,637
607,1184,636
608,1184,635
609,1184,634
610,1184,633
611,1184,632
612,1184,631
613,1184,630
614,1184,629
615,1184,628
616,1184,627
617,1184,626
618,1184,625
619,1184,624
620,1184,623
621,1184,622
622,1184,621
623,1184,620
624,1184,619
625,1184,618
626,1184,617
627,1184,616
628,1184,615
629,1184,614
630,1184,613
631,1184,612
632,1184,611
633,1184,610
634,1184,609
635,1184,608
636,1184,607
637,1184,606
638,1184,605
639,1184,604
640,1184,603
641,1184,602
642,1184,601
643,1184,600
644,1184,599
645,1184,598
646,1184,597
647,1184,596
648,1184,595
649,1184,594
650,1184,593
651,1184,592
652,1184,591
653,1184,590
654,1184,589
655,1184,588
656,1184,587
657,1184,586
658,1184,585
659,1184,584
660,1184,583
661,1184,582
662,1184,581
663,1184,580
664,1184,579
665,1184,578
666,1184,577
667,1184,576
668,1184,575
669,1184,574
670,1184,574
671,1184,574
672,1184,574
673,1184,574
674,1184,574
675,1184,574
676,1184,574
677,1184,574
678,1184,574
679,1184,574
680,1184,574
681,1184,574
682,1184,574
683,1184,574
684,1184,574
685,1184,574
686,1184,573
687,1184,572
688,1184,571
689,1184,570
690,1184,569
691,1184,568
692,1184,567
693,1184,566
694,1184,565
695,1184,564
696,1184,563
697,1184,562
698,1184,561
699,1184,560
700,1184,559
701,1184,558
702,1184,557
703,1184,556
704,1184,555
705,1184,554
706,1184,553
707,1184,552
708,1184,551
709,1184,550
710,1184,549
711,1184,548
712,1183,547
713,1183,546
714,1183,545
715,1183,544
716,1182,543
717,1181,542
718,1180,541
719,1179,540
720,1178,539
721,1177,538
722,1176,537
723,1175,536
724,1174,535
725,1174,534
726,1173,533
727,1172,532
728,1171,531
729,1170,530
730,1169,529
731,1168,528
732,1168,527
733,1168,526
734,1168,525
735,1168,524
736,1167,523
737,1166,522
738,1165,521
739,1164,520
740,1163,519
741,1163,518
742,1163,517
743,1163,516
744,1163,515
745,1162,514
746,1161,513
747,1160,512
748,1160,511
749,1160,510
750,1160,509
751,1160,508
752,1160,507
753,1159,506
754,1158,505
755,1157,504
756,1157,503
757,1157,502
758,1157,501
759,1157,500
760,1157,499
761,1157,498
762,1157,497
763,1157,496
764,1157,495
765,1157,494
766,1157,493
767,1157,492
768,1157,491
769,1157,490
770,1157,489
771,1157,488
772,1157,487
773,1157,486
774,1157,485
775,1157,484
776,1157,483
777,1157,482
778,1157,481
779,1157,480
780,1157,479
781,1157,478
782,1157,477
783,1157,476
784,1157,475
785,1157,474
786,1157,473
787,1157,472
788,1157,471
789,1157,470
790,1157,469
791,1157,468
792,1157,467
793,1157,466
794,1157,465
795,1157,464
796,1157,463
797,1157,462
798,1157,461
799,1157,460
800,1157,459
801,1157,458
802,1157,457
803,1157,456
804,1157,455
805,1157,454
806,1157,453
807,1157,452
808,1157,451
809,1157,450
810,1157,449
811,1157,448
812,1157,447
813,1157,446
814,1157,445
815,1157,444
816,1156,443
817,1155,442
818,1155,441
819,1154,441
820,1154,441
821,1154,441
822,1154,441
823,1154,441
824,1154,441
825,1154,441
826,1154,441
827,1154,441
828,1154,441
829,1154,441
830,1154,441
831,1154,441
832,1154,441
833,1154,441
834,1154,441
835,1154,441
836,1154,441
837,1154,441
838,1154,441
839,1154,441
840,1154,441
841,1154,441
842,1154,441
843,1154,441
844,1152,441
845,1150,440
846,1148,439
847,1146,438
848,1144,437
849,1142,436
850,1140,435
851,1138,434
852,1142,433
853,1146,431
854,1148,430
855,1146,430
856,1145,430
857,1144,430
858,1144,430
859,1144,430
860,1144,430
861,1144,430
862,1143,430
863,1142,430
864,1142,430
865,1142,430
866,1142,430
867,1141,430
868,1139,430
869,1143,428
870,1147,426
871,1151,424
872,1155,422
873,1159,420
874,1163,418
875,1167,416
876,1171,414
877,1175,412
878,1179,410
879,1183,408
880,1187,406
881,1191,404
882,1195,402
883,1199,400
884,1203,398
885,1207,396
886,1205,395
887,1203,394
888,1201,393
889,1199,393
890,1197,393
891,1197,393
892,1197,393
893,1197,393
894,1197,393
895,1197,393
896,1197,393
897,1197,393
898,1197,393
899,1195,393
900,1193,393
901,1191,393
902,1189,393
903,1187,393
904,1185,393
905,1183,393
906,1181,393
907,1179,393
908,1177,393
909,1175,393
910,1173,393
911,1171,393
912,1169,393
913,1167,393
914,1165,393
915,1163,393
916,1161,393
917,1159,393
918,1157,393
919,1157,393
920,1157,393
921,1157,393
922,1157,393
923,1157,393
924,1157,393
925,1157,393
926,1157,393
927,1157,393
928,1157,393
929,1156,393
930,1155,393
931,1153,392
932,1151,391
933,1149,390
934,1147,389
935,1145,388
936,1143,387
937,1141,386
938,1139,385
939,1137,384
940,1135,383
941,1133,382
942,1131,381
943,1130,380
944,1128,379
945,1127,378
946,1126,377
947,1125,376
948,1124,375
949,1123,374
950,1122,373
951,1120,372
952,1118,371
953,1117,370
954,1116,369
955,1115,368
956,1113,367
957,1112,366
958,1111,366
959,1111,366
960,1111,366
961,1111,366
962,1111,366
963,1111,366
964,1111,366
965,1111,366
966,1111,366
967,1111,366
968,1111,366
969,1111,366
970,1114,365
971,1117,364
972,1120,363
973,1123,362
974,1126,361
975,1129,360
976,1132,359
977,1135,358
978,1138,357
979,1141,356
980,1144,355
981,1147,354
982,1150,353
983,1153,352
984,1153,350
985,1156,349
986,1159,348
987,1162,347
988,1165,346
989,1168,345
990,1171,344
991,1174,343
992,1177,342
993,1177,341
994,1177,340
995,1177,339
996,1177,339
997,1177,339
998,1177,339
999,1177,339
1000,1177,339
1001,1177,339
1002,1177,339
1003,1177,339
1004,1177,339
1005,1177,339
1006,1177,339
1007,1177,339
1008,1177,339
1009,1177,339
1010,1177,339
1011,1177,339
1012,1177,339
1013,1177,339
1014,1177,339
1015,1177,339
1016,1177,339
1017,1177,339
1018,1177,339
1019,1177,339
1020,1177,339
1021,1177,339
1022,1177,339
1023,1177,339
1024,1177,339
1025,1177,339
1026,1175,339
1027,1173,339
1028,1171,339
1029,1169,339
1030,1167,339
1031,1165,339
1032,1163,339
1033,1161,339
1034,1159,339
1035,1157,339
1036,1155,339
1037,1153,339
1038,1151,339
1039,1149,339
1040,1147,339
1041,1145,339
1042,1143,339
1043,1141,339
1044,1139,339
1045,1137,339
1046,1135,339
1047,1133,339
1048,1131,339
1049,1129,339
1050,1128,339
1051,1128,339
1052,1128,339
1053,1128,339
1054,1128,339
1055,1128,339
1056,1128,339
1057,1128,339
1058,1128,339
1059,1128,339
1060,1128,339
1061,1128,339
1062,1128,339
1063,1128,339
1064,1126,339
1065,1124,339
1066,1122,339
1067,1120,339
1068,1118,339
1069,1116,339
1070,1114,339
1071,1112,339
1072,1110,339
1073,1108,339
1074,1106,339
1075,1104,339
1076,1102,339
1077,1100,339
1078,1098,339
1079,1096,339
1080,1094,339
1081,1092,339
1082,1090,339
1083,1088,339
1084,1086,339
1085,1085,339
1086,1085,339
1087,1085,339
1088,1085,339
1089,1085,339
1090,1085,339
1091,1085,339
1092,1085,339
1093,1085,339
1094,1085,339
1095,1085,339
1096,1085,339
1097,1085,339
1098,1085,339
1099,1085,339
1100,1083,339
1101,1081,339
1102,1079,339
1103,1077,339
1104,1075,339
1105,1073,339
1106,1071,339
1107,1069,339
1108,1067,339
1109,1065,339
1110,1063,339
1111,1061,339
1112,1059,339
1113,1057,339
1114,1055,339
1115,1053,339
1116,1051,339
1117,1049,339
1118,1047,339
1119,1045,339
1120,1043,339
1121,1042,339
1122,1042,339
1123,1042,339
1124,1042,339
1125,1042,339
1126,1042,339
1127,1042,339
1128,1042,339
1129,1042,339
1130,1042,339
1131,1042,339
1132,1042,339
1133,1042,339
1134,1042,339
1135,1042,339
1136,1045,338
1137,1048,337
1138,1051,336
1139,1054,335
1140,1057,334
1141,1060,333
1142,1063,332
1143,1066,331
1144,1069,330
1145,1072,329
1146,1075,328
1147,1078,327
1148,1082,326
1149,1085,325
1150,1088,324
1151,1091,323
1152,1095,322
1153,1098,321
1154,1098,320
1155,1098,320
1156,1098,320
1157,1098,320
1158,1098,320
1159,1098,320
1160,1098,320
1161,1098,320
1162,1098,320
1163,1098,320
1164,1098,320
1165,1098,320
1166,1098,320
1167,1098,320
1168,1098,320
1169,1098,320
1170,1098,320
1171,1098,320
1172,1098,320
1173,1098,320
1174,1098,320
1175,1098,320
1176,1098,320
1177,1098,320
1178,1098,320
1179,1099,319
1180,1100,318
1181,1101,318
1182,1102,318
1183,1103,318
1184,1104,318
1185,1105,318
1186,1106,318
1187,1107,318
1188,1108,318
1189,1109,318
1190,1110,318
1191,1111,318
1192,1111,318
1193,1111,318
1194,1111,318
1195,1111,318
1196,1112,319
1197,1113,320
1198,1114,321
1199,1115,322
1200,1116,323
1201,1117,324
1202,1118,325
1203,1118,325
1204,1118,325
1205,1118,325
1206,1119,326
1207,1119,326
1208,1119,326
1209,1119,326
1210,1119,326
1211,1119,326
1212,1119,326
1213,1119,326
1214,1119,327
1215,1119,328
1216,1119,329
1217,1119,329
1218,1119,329
1219,1119,330
1220,1119,331
1221,1119,332
1222,1119,332
1223,1119,332
1224,1119,332
1225,1122,333
1226,1125,334
1227,1128,335
1228,1131,336
1229,1134,337
1230,1136,338
1231,1138,338
1232,1140,338
1233,1142,339
1234,1143,339
1235,1143,339
1236,1144,339
1237,1144,339
1238,1144,339
1239,1145,339
1240,1147,340
1241,1149,341
1242,1151,342
1243,1153,343
1244,1155,344
1245,1157,345
1246,1159,346
1247,1161,347
1248,1163,348
1249,1165,349
1250,1167,350
1251,1169,351
1252,1170,351
1253,1170,351
1254,1170,351
1255,1170,351
1256,1170,351
1257,1170,351
1258,1170,351
1259,1170,351
1260,1170,351
1261,1170,351
1262,1170,351
1263,1170,351
1264,1170,351
1265,1170,351
1266,1170,351
1267,1170,351
1268,1170,351
1269,1170,351
1270,1170,351
1271,1170,351
1272,1170,350
1273,1170,349
1274,1170,348
1275,1170,347
1276,1170,346
1277,1170,345
1278,1170,344
1279,1170,343
1280,1170,342
1281,1170,341
1282,1170,340
1283,1173,339
1284,1177,338
1285,1180,337
1286,1183,336
1287,1186,335
1288,1189,334
1289,1189,333
1290,1189,332
1291,1189,331
1292,1189,330
1293,1189,329
1294,1189,328
1295,1189,327
1296,1189,326
1297,1189,325
1298,1189,324
1299,1189,323
1300,1189,322
1301,1189,321
1302,1189,320
1303,1189,319
1304,1189,318
1305,1189,317
1306,1189,316
1307,1189,315
1308,1189,314
1309,1189,313
1310,1189,312
1311,1189,311
1312,1189,310
1313,1189,309
1314,1189,309
1315,1189,309
1316,1189,309
1317,1189,309
1318,1189,309
1319,1189,309
1320,1189,309
1321,1189,309
1322,1189,309
1323,1189,309
1324,1189,309
1325,1189,309
1326,1189,309
1327,1189,309
1328,1189,309
1329,1189,309
1330,1189,309
1331,1189,309
1332,1189,309
1333,1189,309
1334,1189,309
1335,1189,309
1336,1189,309
1337,1189,309
1338,1189,309
1339,1189,309
1340,1189,309
1341,1189,309
1342,1189,309
1343,1189,309
1344,1189,309
1345,1189,309
1346,1189,309
1347,1189,309
1348,1189,309
1349,1189,309
1350,1189,309
1351,1189,309
1352,1189,309
1353,1189,309
1354,1189,309
1355,1189,309
1356,1189,309
1357,1189,309
1358,1189,309
1359,1189,309
1360,1189,309
1361,1189,309
1362,1189,309
1363,1189,309
1364,1189,309
1365,1189,309
1366,1189,309
1367,1189,309
1368,1189,309
1369,1189,309
1370,1189,309
1371,1189,309
1372,1189,309
1373,1189,309
1374,1189,309
1375,1189,309
1376,1189,309
1377,1189,309
1378,1189,309
1379,1189,309
1380,1189,309
1381,1189,309
1382,1189,309
1383,1189,309
1384,1189,309
1385,1189,309
1386,1189,309
1387,1189,309
1388,1189,309
1389,1189,309
1390,1189,309
1391,1189,309
1392,1189,309
1393,1189,309
1394,1189,309
1395,1189,309
1396,1189,309
1397,1189,309
1398,1189,309
1399,1189,309
1400,1189,309
1401,1189,309
1402,1189,309
1403,1189,309
1404,1189,309
1405,1189,309
1406,1189,309
1407,1189,309
1408,1189,309
1409,1189,309
1410,1189,309
1411,1189,309
1412,1189,309
1413,1189,309
1414,1189,309
1415,1189,309
1416,1189,309
1417,1189,309
1418,1189,309
1419,1189,309
1420,1189,309
1421,1189,309
1422,1189,309
1423,1189,309
1424,1189,309
1425,1189,309
1426,1189,309
1427,1189,309
1428,1189,309
1429,1189,309
1430,1189,309
1431,1189,309
1432,1189,309
1433,1189,309
1434,1189,309
1435,1189,309
1436,1189,309
1437,1189,309
1438,1189,309
1439,1189,309
1440,1189,309
1441,1189,309
1442,1189,309
1443,1189,309
1444,1189,309
1445,1189,309
1446,1189,309
1447,1189,309
1448,1189,309
1449,1189,309
1450,1189,310
1451,1187,310
1452,1185,310
1453,1183,310
1454,1181,310
1455,1179,310
1456,1177,310
1457,1175,310
1458,1174,310
1459,1173,310
1460,1173,310
1461,1173,310
1462,1173,310
1463,1173,310
1464,1173,310
1465,1173,310
1466,1173,310
1467,1173,310
1468,1173,310
1469,1173,310
1470,1173,310
1471,1173,310
1472,1172,310
1473,1171,310
1474,1170,310
1475,1169,310
1476,1168,310
1477,1167,310
1478,1166,310
1479,1165,310
1480,1164,310
1481,1163,310
1482,1163,310
1483,1163,310
1484,1163,310
1485,1163,310
1486,1163,310
1487,1163,310
1488,1163,310
1489,1163,310
1490,1163,310
1491,1163,310
1492,1163,310
1493,1163,310
1494,1163,310
1495,1163,310
1496,1163,310
1497,1163,310
1498,1163,310
1499,1163,310
1500,1163,310
1501,1163,310
1502,1163,310
1503,1163,310
1504,1163,310
1505,1163,310
1506,1163,310
1507,1163,310
1508,1163,310
1509,1163,310
1510,1163,310
1511,1163,310
1512,1163,310
1513,1163,310
1514,1163,310
1515,1163,310
1516,1163,310
1517,1163,310
1518,1163,310
1519,1163,310
1520,1163,310
1521,1163,310
1522,1163,310
1523,1163,310
1524,1163,309
1525,1163,308
1526,1163,307
1527,1163,306
1528,1163,305
1529,1163,304
1530,1163,304
1531,1163,304
1532,1163,304
1533,1163,304
1534,1163,304
1535,1163,304
1536,1163,304
1537,1163,304
1538,1163,304
1539,1163,304
1540,1163,304
1541,1163,304
1542,1163,304
1543,1163,304
1544,1163,304
1545,1163,304
1546,1163,304
1547,1163,304
1548,1163,304
1549,1163,304
1550,1163,304
1551,1163,304
1552,1163,304
1553,1163,304
1554,1163,304
1555,1163,304
1556,1163,304
1557,1163,304
1558,1163,304
1559,1163,304
1560,1163,303
1561,1163,302
1562,1164,301
1563,1165,300
1564,1166,299
1565,1166,299
1566,1167,298
1567,1168,297
1568,1169,296
1569,1169,296
1570,1170,295
1571,1171,294
1572,1171,294
1573,1171,294
1574,1172,293
1575,1173,292
1576,1174,291
1577,1174,291
1578,1175,290
1579,1176,289
1580,1177,288
1581,1178,287
1582,1179,286
1583,1180,285
1584,1181,284
1585,1182,283
1586,1183,282
1587,1184,281
1588,1185,280
1589,1186,279
1590,1186,279
1591,1186,279
1592,1186,279
1593,1186,279
1594,1186,279
1595,1186,279
1596,1186,279
1597,1186,279
1598,1186,279
1599,1186,279
1600,1186,279
1601,1186,279
1602,1186,279
1603,1186,279
1604,1186,279
1605,1186,279
1606,1186,279
1607,1186,279
1608,1186,279
1609,1186,279
1610,1186,279
1611,1186,279
1612,1186,279
1613,1186,279
1614,1186,279
1615,1186,279
1616,1186,279
1617,1186,279
1618,1186,279
1619,1186,279
1620,1186,279
1621,1186,279
1622,1186,279
1623,1186,279
1624,1186,279
1625,1186,279
1626,1186,279
1627,1186,279
1628,1186,279
1629,1186,279
1630,1186,279
1631,1186,279
1632,1186,279
1633,1186,279
1634,1186,279
1635,1186,279
1636,1186,279
1637,1186,279
1638,1186,279
1639,1186,279
1640,1186,279
1641,1186,279
1642,1187,279
1643,1187,279
1644,1187,279
1645,1187,279
1646,1187,279
1647,1187,279
1648,1187,279
1649,1187,279
1650,1187,279
1651,1187,279
1652,1187,279
1653,1187,279
1654,1187,279
1655,1187,279
1656,1187,279
1657,1187,279
1658,1187,279
1659,1186,279
1660,1185,279
1661,1184,279
1662,1183,279
1663,1182,279
1664,1181,279
1665,1180,279
1666,1179,279
1667,1178,279
1668,1177,279
1669,1176,279
1670,1175,279
1671,1174,279
1672,1173,279
1673,1172,279
1674,1171,279
1675,1170,279
1676,1169,279
1677,1168,279
1678,1167,279
1679,1166,279
1680,1165,279
1681,1164,279
1682,1163,279
1683,1162,279
1684,1161,279
1685,1160,279
1686,1159,279
1687,1158,279
1688,1157,279
1689,1156,279
1690,1155,279
1691,1154,279
1692,1153,279
1693,1152,279
1694,1151,279
1695,1150,279
1696,1149,279
1697,1148,279
1698,1147,279
1699,1146,279
1700,1145,279
1701,1144,279
1702,1143,279
1703,1142,279
1704,1141,279
1705,1140,279
1706,1139,279
1707,1138,279
1708,1137,279
1709,1136,279
1710,1135,279
1711,1134,279
1712,1133,279
1713,1132,279
1714,1131,279
1715,1130,279
1716,1129,279
1717,1128,279
1718,1127,279
1719,1126,279
1720,1125,279
1721,1124,279
1722,1123,279
1723,1122,279
1724,1121,279
1725,1120,279
1726,1119,279
1727,1118,279
1728,1117,279
1729,1116,279
1730,1115,279
1731,1114,279
1732,1113,279
1733,1112,279
1734,1111,279
1735,1110,279
1736,1109,279
1737,1108,279
1738,1107,279
1739,1106,279
1740,1105,279
1741,1104,279
1742,1103,279
1743,1102,279
1744,1101,279
1745,1100,279
1746,1099,279
1747,1098,279
1748,1097,279
1749,1096,279
1750,1095,279
1751,1094,279
1752,1093,279
1753,1092,279
1754,1091,279
1755,1090,279
1756,1089,279
1757,1088,279
1758,1087,279
1759,1086,279
1760,1085,279
1761,1084,279
1762,1083,279
1763,1082,279
1764,1081,279
1765,1080,279
1766,1079,279
1767,1078,279
1768,1077,279
1769,1076,279
1770,1075,279
1771,1074,279
1772,1073,279
1773,1072,279
1774,1071,279
1775,1070,279
1776,1069,279
1777,1068,279
1778,1067,279
1779,1066,279
1780,1065,279
1781,1064,279
1782,1063,279
1783,1062,279
1784,1061,279
1785,1060,279
1786,1059,279
1787,1058,279
1788,1057,279
1789,1056,279
1790,1055,279
1791,1054,279
1792,1053,279
1793,1052,279
1794,1051,279
1795,1050,279
1796,1049,279
1797,1048,279
1798,1047,279
1799,1046,279
1800,1045,279
1801,1044,279
1802,1043,279
1803,1042,279
1804,1041,279
1805,1040,279
1806,1039,279
1807,1038,279
1808,1037,279
1809,1036,279
1810,1035,279
1811,1034,279
1812,1033,279
1813,1032,279
1814,1031,279
1815,1030,279
1816,1029,279
1817,1028,279
1818,1027,279
1819,1026,279
1820,1025,279
1821,1024,279
1822,1023,279
1823,1022,279
1824,1021,279
1825,1023,278
1826,1025,277
1827,1024,277
1828,1023,277
1829,1022,277
1830,1021,277
1831,1020,277
1832,1019,277
1833,1018,277
1834,1017,277
1835,1016,277
1836,1015,277
1837,1014,277
1838,1013,277
1839,1012,277
1840,1011,277
1841,1010,277
1842,1009,277
1843,1008,277
1844,1007,277
1845,1006,277
1846,1005,277
1847,1004,277
1848,1003,277
1849,1002,277
1850,1001,277
1851,1000,277
1852,999,277
1853,998,277
1854,997,277
1855,996,277
1856,995,277
1857,994,277
1858,993,277
1859,992,277
1860,991,277
1861,990,277
1862,989,277
1863,988,277
1864,987,277
1865,986,277
1866,985,277
1867,984,277
1868,983,277
1869,982,277
1870,981,277
1871,980,277
1872,979,277
1873,978,277
1874,977,277
1875,976,277
1876,975,277
1877,974,277
1878,973,277
1879,972,277
1880,971,277
1881,973,276
1882,972,276
1883,971,276
1884,970,276
1885,969,276
1886,968,276
1887,967,276
1888,966,276
1889,965,276
1890,964,276
1891,963,276
1892,962,276
1893,961,276
1894,960,276
1895,959,276
1896,958,276
1897,957,276
1898,956,276
1899,955,276
1900,954,276
1901,953,276
1902,952,276
1903,951,276
1904,950,276
1905,949,276
1906,948,276
1907,947,276
1908,946,276
1909,945,276
1910,944,276
1911,943,276
1912,942,276
1913,941,276
1914,940,276
1915,939,276
1916,938,276
1917,937,276
1918,936,276
1919,935,276
1920,934,276
1921,933,276
1922,932,276
1923,931,276
1924,930,276
1925,929,276
1926,928,276
1927,927,276
1928,926,276
1929,925,276
1930,924,276
1931,923,276
1932,922,276
1933,921,276
1934,920,276
1935,919,276
1936,918,276
1937,917,276
1938,916,276
1939,915,276
1940,914,276
1941,913,276
1942,912,276
1943,911,276
1944,910,276
1945,909,276
1946,908,276
1947,907,276
1948,906,276
1949,905,276
1950,904,276
1951,903,276
1952,902,276
1953,901,276
1954,900,276
1955,899,276
1956,898,276
1957,897,277
1958,896,277
1959,895,277
1960,897,276
1961,899,275
1962,898,275
1963,897,275
1964,896,275
1965,895,275
1966,894,275
1967,893,275
1968,892,275
1969,891,275
1970,890,275
1971,889,275
1972,888,275
1973,887,275
1974,886,275
1975,885,275
1976,884,275
1977,883,275
1978,882,275
1979,881,275
1980,880,275
1981,879,275
1982,878,275
1983,877,275
1984,876,275
1985,875,275
1986,874,275
1987,873,275
1988,872,275
1989,871,275
1990,870,275
1991,869,275
1992,868,275
1993,867,275
1994,866,275
1995,865,275
1996,864,275
1997,863,275
1998,862,275
1999,861,275
2000,860,275
2001,859,275
2002,858,275
2003,857,275
2004,856,275
2005,855,275
2006,854,275
2007,853,275
2008,852,275
2009,851,275
2010,850,275
2011,849,275
2012,848,275
2013,847,275
2014,846,275
2015,845,275
2016,844,275
2017,843,275
2018,842,275
2019,841,275
2020,840,275
2021,839,275
2022,838,275
2023,837,275
2024,836,275
2025,835,275
2026,834,275
2027,833,275
2028,832,275
2029,831,275
2030,830,275
2031,829,275
2032,828,275
2033,827,275
2034,826,275
2035,825,275
2036,824,275
2037,823,275
2038,822,275
2039,821,275
2040,820,275
2041,819,275
2042,818,275
2043,817,275
2044,816,275
2045,815,275
2046,814,275
2047,814,275
2048,814,275
2049,814,275
2050,814,275
2051,814,275
2052,814,275
2053,814,275
2054,814,275
2055,814,275
2056,814,275
2057,814,275
2058,814,275
2059,814,275
2060,814,275
2061,814,275
2062,814,275
2063,814,275
2064,814,275
2065,814,275
2066,814,275
2067,813,274
2068,812,273
2069,811,272
2070,810,271
2071,809,270
2072,808,269
2073,807,268
2074,806,267
2075,805,266
2076,804,265
2077,803,265
2078,802,265
2079,802,265
2080,802,265
2081,802,265
2082,802,265
2083,802,265
2084,802,265
2085,802,265
2086,802,265
2087,802,265
2088,802,265
2089,802,265
2090,802,265
2091,802,265
2092,802,265
2093,802,265
2094,801,264
2095,800,263
2096,799,262
2097,798,261
2098,797,260
2099,796,259
2100,795,258
2101,794,257
2102,793,256
2103,792,255
2104,791,254
2105,790,253
2106,789,252
2107,788,251
2108,787,251
2109,787,251
2110,787,251
2111,787,251
2112,787,251
2113,787,251
2114,787,251
2115,787,251
2116,787,251
2117,787,251
2118,787,251
2119,787,251
2120,787,251
2121,786,250
2122,785,249
2123,784,248
2124,783,247
2125,782,246
2126,781,245
2127,780,244
2128,779,243
2129,778,242
2130,777,241
2131,776,240
2132,775,239
2133,774,238
2134,773,237
2135,772,236
2136,771,235
2137,771,235
2138,771,235
2139,771,235
2140,771,235
2141,771,235
2142,771,235
2143,771,235
2144,771,235
2145,771,235
2146,771,235
2147,771,235
2148,771,235
2149,770,235
2150,769,235
2151,768,235
2152,767,235
2153,766,235
2154,765,235
2155,764,235
2156,763,235
2157,762,235
2158,761,235
2159,760,235
2160,759,235
2161,758,235
2162,757,235
2163,756,235
2164,755,235
2165,754,235
2166,753,235
2167,752,235
2168,751,235
2169,750,235
2170,749,235
2171,748,235
2172,747,235
2173,746,235
2174,745,235
2175,744,235
2176,743,235
2177,742,235
2178,741,235
2179,740,235
2180,739,235
2181,738,235
2182,737,235
2183,736,235
2184,735,235
2185,734,235
2186,733,235
2187,732,235
2188,731,235
2189,730,235
2190,729,235
2191,728,235
2192,727,235
2193,726,235
2194,725,235
2195,724,235
2196,723,235
2197,722,235
2198,721,235
2199,720,235
2200,719,235
2201,718,235
2202,717,235
2203,716,235
2204,715,235
2205,714,235
2206,713,235
2207,712,235
2208,712,235
2209,712,235
2210,712,235
2211,712,235
2212,712,235
2213,712,235
2214,712,235
2215,712,235
2216,712,235
2217,712,235
2218,712,235
2219,712,235
2220,712,235
2221,712,235
2222,712,235
2223,711,235
2224,710,235
2225,709,235
2226,708,235
2227,707,235
2228,706,235
2229,705,235
2230,704,235
2231,703,235
2232,701,235
2233,699,235
2234,697,235
2235,695,235
2236,693,235
2237,691,235
2238,690,235
2239,689,235
2240,688,235
2241,687,235
2242,686,235
2243,685,235
2244,684,235
2245,683,235
2246,682,235
2247,681,235
2248,680,235
2249,679,235
2250,678,235
2251,677,235
2252,676,235
2253,675,235
2254,674,235
2255,673,235
2256,672,235
2257,671,235
2258,670,235
2259,669,235
2260,669,235
2261,669,235
2262,669,235
2263,669,235
2264,669,235
2265,669,235
2266,669,235
2267,669,235
2268,669,235
2269,669,235
2270,669,235
2271,669,235
2272,669,235
2273,669,235
2274,669,235
2275,669,235
2276,668,235
2277,667,235
2278,666,235
2279,665,235
2280,664,235
2281,663,235
2282,662,235
2283,661,235
2284,660,235
2285,659,235
2286,658,235
2287,657,235
2288,657,235
2289,657,235
2290,657,235
2291,657,235
2292,657,235
2293,657,235
2294,657,235
2295,657,235
2296,657,235
2297,659,236
2298,659,236
2299,659,236
2300,659,236
2301,659,236
2302,659,236
2303,659,236
2304,659,236
2305,659,236
2306,659,236
2307,659,236
2308,659,236
2309,659,236
2310,659,236
2311,658,237
2312,657,238
2313,656,239
2314,655,240
2315,654,241
2316,653,242
2317,652,243
2318,651,244
2319,650,245
2320,649,246
2321,648,247
2322,647,248
2323,646,249
2324,645,250
2325,643,251
2326,641,252
2327,639,253
2328,637,254
2329,637,254
2330,637,254
2331,637,254
2332,637,254
2333,637,254
2334,635,254
2335,634,255
2336,633,256
2337,632,257
2338,631,258
2339,630,259
2340,629,260
2341,628,261
2342,627,262
2343,626,263
2344,625,264
2345,624,265
2346,623,266
2347,622,267
2348,621,268
2349,620,269
2350,619,270
2351,618,271
2352,617,272
2353,616,273
2354,616,274
2355,616,274
2356,616,274
2357,616,274
2358,616,274
2359,616,274
2360,616,274
2361,616,274
2362,616,274
2363,616,274
2364,616,274
2365,616,274
2366,616,274
2367,616,274
2368,616,274
2369,616,274
2370,616,274
2371,616,274
2372,616,274
2373,616,274
2374,616,274
2375,616,274
2376,616,274
2377,616,274
2378,617,275
2379,617,276
2380,617,277
2381,617,278
2382,617,280
2383,617,281
2384,617,283
2385,617,285
2386,617,287
2387,617,288
2388,617,289
2389,617,289
2390,617,289
2391,617,289
2392,617,289
2393,617,289
2394,617,289
2395,617,289
2396,617,289
2397,617,289
2398,617,289
2399,617,289
2400,617,289
2401,617,289
2402,617,289
2403,617,289
2404,617,289
2405,617,289
2406,617,289
2407,617,289
2408,617,290
2409,617,292
2410,617,293
2411,617,295
2412,617,297
2413,617,299
2414,617,301
2415,617,303
2416,617,305
2417,617,307
2418,617,309
2419,617,311
2420,617,313
2421,617,315
2422,617,315
2423,617,315
2424,617,315
2425,617,315
2426,617,315
2427,617,315
2428,617,315
2429,617,315
2430,617,315
2431,617,315
2432,617,317
2433,617,319
2434,617,321
2435,617,323
2436,617,325
2437,617,327
2438,617,329
2439,617,331
2440,617,333
2441,617,335
2442,617,337
2443,617,339
2444,617,341
2445,617,343
2446,617,345
2447,617,347
2448,617,349
2449,617,350
2450,617,350
2451,617,350
2452,617,350
2453,617,350
2454,617,350
2455,617,350
2456,617,350
2457,617,350
2458,617,350
2459,617,350
2460,617,351
2461,617,353
2462,617,355
2463,617,357
2464,617,359
2465,617,361
2466,617,363
2467,617,365
2468,617,367
2469,617,369
2470,617,371
2471,617,373
2472,617,375
2473,617,377
2474,617,379
2475,617,381
2476,617,383
2477,617,385
2478,617,386
2479,617,386
2480,617,386
2481,617,386
2482,617,386
2483,617,386
2484,617,386
2485,617,386
2486,617,386
2487,617,386
2488,617,387
2489,617,388
2490,617,389
2491,617,390
2492,617,391
2493,617,392
2494,617,393
2495,617,394
2496,617,395
2497,617,396
2498,617,397
2499,617,398
2500,617,400
2501,617,402
2502,617,404
2503,617,406
2504,617,408
2505,617,410
2506,617,412
2507,617,414
2508,617,416
2509,617,418
2510,617,420
2511,617,422
2512,617,424
2513,617,426
2514,617,428
2515,617,430
2516,617,432
2517,617,434
2518,617,435
2519,617,436
2520,617,437
2521,617,438
2522,617,439
2523,617,440
2524,617,441
2525,617,442
2526,617,442
2527,617,442
2528,617,442
2529,617,442
2530,617,442
2531,617,442
2532,617,442
2533,617,442
2534,617,442
2535,617,442
2536,617,442
2537,617,442
2538,617,442
2539,617,442
2540,617,442
2541,617,442
2542,617,442
2543,617,442
2544,617,442
2545,617,442
2546,617,442
2547,617,442
2548,617,442
2549,617,442
2550,617,442
2551,617,442
2552,617,442
2553,617,442
2554,617,442
2555,617,442
2556,617,442
2557,617,442
2558,617,442
2559,617,442
2560,617,442
2561,617,442
2562,617,442
2563,617,442
2564,617,442
2565,617,442
2566,617,442
2567,617,442
2568,617,442
2569,617,442
2570,617,442
2571,617,442
2572,617,442
2573,617,442
2574,617,442
2575,617,442
2576,617,442
2577,617,442
2578,617,442
2579,617,442
2580,617,442
2581,617,442
2582,617,442
2583,617,442
2584,617,442
2585,617,442
2586,617,442
2587,617,442
2588,618,444
2589,619,446
2590,620,448
2591,621,450
2592,622,452
2593,622,454
2594,622,456
2595,622,458
2596,622,460
2597,622,462
2598,622,464
2599,622,466
2600,622,468
2601,622,470
2602,622,472
2603,622,474
2604,622,476
2605,622,478
2606,622,480
2607,622,482
2608,622,484
2609,622,486
2610,622,487
2611,622,488
2612,622,489
2613,622,489
2614,622,489
2615,622,489
2616,622,489
2617,622,489
2618,622,489
2619,622,489
2620,622,489
2621,622,489
2622,622,489
2623,622,489
2624,622,489
2625,622,489
2626,622,489
2627,622,489
2628,622,489
2629,622,489
2630,622,489
2631,622,489
2632,622,489
2633,622,489
2634,622,489
2635,622,489
2636,622,490
2637,622,490
2638,622,490
2639,622,490
2640,622,490
2641,621,491
2642,620,492
2643,619,493
2644,618,494
2645,617,495
2646,616,496
2647,615,497
2648,614,498
2649,613,499
2650,612,500
2651,611,502
2652,610,504
2653,609,506
2654,608,508
2655,607,510
2656,606,512
2657,605,514
2658,604,516
2659,603,518
2660,602,520
2661,601,522
2662,601,523
2663,601,524
2664,601,525
2665,601,526
2666,601,527
2667,601,528
2668,601,529
2669,601,530
2670,601,531
2671,601,532
2672,601,533
2673,601,534
2674,601,535
2675,601,536
2676,601,537
2677,601,538
2678,601,539
2679,601,540
2680,601,541
2681,601,542
2682,601,543
2683,603,543
2684,603,544
2685,603,545
2686,603,546
2687,603,547
2688,603,548
2689,603,549
2690,603,550
2691,603,551
2692,603,552
2693,603,553
2694,603,554
2695,603,555
2696,603,556
2697,603,557
2698,603,558
2699,603,559
2700,603,560
2701,603,561
2702,603,562
2703,603,563
2704,603,564
2705,603,565
2706,603,566
2707,603,567
2708,603,568
2709,603,569
2710,603,570
2711,603,571
2712,603,572
2713,603,573
2714,603,574
2715,603,575
2716,603,576
2717,603,577
2718,603,578
2719,603,579
2720,603,580
2721,603,581
2722,603,582
2723,603,583
2724,603,584
2725,603,584
2726,603,584
2727,603,584
2728,603,584
2729,603,584
2730,603,584
2731,603,584
2732,603,584
2733,603,584
2734,603,584
2735,603,584
2736,603,584
2737,603,585
2738,603,586
2739,603,587
2740,603,588
2741,603,589
2742,602,590
2743,601,591
2744,600,592
2745,599,593
2746,598,594
2747,597,595
2748,596,596
2749,595,597
2750,594,598
2751,593,599
2752,592,600
2753,591,601
2754,590,602
2755,589,603
2756,588,604
2757,587,605
2758,586,606
2759,585,607
2760,584,608
2761,583,609
2762,582,610
2763,581,611
2764,580,612
2765,579,613
2766,578,614
2767,577,615
2768,576,616
2769,576,617
2770,576,618
2771,576,619
2772,576,620
2773,576,621
2774,576,622
2775,576,623
2776,576,624
2777,576,625
2778,576,626
2779,576,627
2780,576,628
2781,576,629
2782,576,630
2783,576,631
2784,576,632
2785,576,633
2786,576,634
2787,576,635
2788,576,636
2789,576,637
2790,576,638
2791,576,639
2792,576,640
2793,576,641
2794,576,642
2795,576,643
2796,576,644
2797,576,645
2798,576,646
2799,576,647
2800,576,648
2801,576,649
2802,576,650
2803,576,651
2804,576,652
2805,576,653
2806,576,654
2807,576,655
2808,576,655
2809,576,655
2810,576,655
2811,576,655
2812,576,655
2813,576,655
2814,576,655
2815,576,655
2816,576,655
2817,576,655
2818,576,655
2819,576,655
2820,576,655
2821,576,655
2822,576,655
2823,577,655
2824,578,655
2825,578,655
2826,578,655
2827,578,655
2828,578,655
2829,578,655
2830,578,655
2831,578,655
2832,578,655
2833,578,655
2834,578,655
2835,578,655
2836,578,655
2837,578,655
2838,578,655
2839,578,655
2840,578,655
2841,578,655
2842,578,655
2843,578,655
2844,578,655
2845,578,655
2846,578,655
2847,578,655
2848,578,655
2849,578,655
2850,578,655
2851,578,655
2852,578,655
2853,578,655
2854,578,655
2855,579,656
2856,580,657
2857,581,658
2858,582,659
2859,583,660
2860,584,661
2861,585,662
2862,586,663
2863,587,664
2864,588,665
2865,589,666
2866,590,667
2867,591,668
2868,592,669
2869,593,670
2870,594,671
2871,595,672
2872,596,673
2873,597,674
2874,598,675
2875,599,676
2876,600,677
2877,601,678
2878,602,679
2879,603,680
2880,604,681
2881,605,682
2882,606,683
2883,607,684
2884,607,684
2885,608,685
2886,609,686
2887,610,687
2888,611,688
2889,611,688
2890,611,688
2891,612,688
2892,612,688
2893,612,688
2894,613,688
2895,613,688
2896,613,688
2897,613,688
2898,614,689
2899,615,690
2900,616,691
2901,617,691
2902,618,692
2903,619,693
2904,619,693
2905,620,694
2906,620,694
2907,621,694
2908,622,694
2909,623,694
2910,624,694
2911,625,694
2912,626,694
2913,627,694
2914,627,694
2915,628,694
2916,629,694
