,pos_X,pos_Y
0,583,741
1,583,741
2,583,741
3,583,741
4,583,741
5,583,741
6,583,741
7,583,741
8,583,741
9,583,741
10,583,741
11,583,741
12,583,741
13,583,741
14,583,741
15,583,741
16,583,741
17,583,741
18,583,741
19,583,741
20,583,741
21,583,741
22,583,741
23,583,741
24,583,741
25,583,741
26,583,741
27,583,741
28,583,741
29,583,741
30,583,741
31,583,741
32,583,741
33,583,741
34,583,741
35,583,741
36,583,741
37,583,741
38,583,741
39,583,741
40,583,741
41,583,741
42,583,741
43,583,741
44,583,741
45,583,741
46,583,741
47,583,741
48,583,741
49,583,741
50,583,741
51,583,741
52,583,741
53,583,741
54,583,741
55,583,741
56,583,741
57,583,741
58,583,741
59,583,741
60,583,741
61,583,741
62,583,741
63,583,741
64,583,741
65,583,741
66,583,741
67,583,741
68,583,741
69,583,741
70,583,741
71,583,741
72,583,741
73,583,741
74,583,741
75,583,741
76,583,741
77,583,741
78,583,741
79,583,741
80,583,741
81,583,741
82,583,741
83,583,741
84,583,741
85,583,741
86,583,741
87,583,741
88,583,741
89,583,741
90,583,741
91,583,741
92,583,741
93,583,741
94,588,741
95,588,741
96,588,741
97,588,741
98,588,741
99,588,741
100,588,741
101,588,741
102,588,741
103,592,740
104,596,739
105,600,738
106,604,738
107,608,738
108,612,738
109,612,738
110,616,739
111,620,740
112,624,741
113,628,744
114,632,747
115,637,750
116,642,753
117,647,756
118,652,759
119,657,762
120,661,761
121,665,760
122,669,759
123,673,758
124,677,757
125,681,756
126,685,755
127,689,754
128,693,753
129,697,752
130,701,751
131,705,750
132,709,749
133,713,748
134,717,747
135,721,747
136,725,747
137,729,749
138,733,751
139,737,753
140,741,755
141,745,757
142,749,758
143,753,759
144,753,759
145,757,760
146,761,760
147,765,760
148,769,759
149,773,758
150,777,757
151,781,756
152,785,755
153,789,754
154,793,754
155,797,753
156,801,752
157,805,751
158,809,750
159,813,749
160,817,748
161,821,748
162,825,748
163,829,748
164,833,748
165,837,748
166,841,748
167,841,748
168,845,749
169,849,750
170,853,751
171,857,752
172,861,754
173,865,756
174,869,757
175,873,759
176,877,760
177,881,761
178,885,762
179,889,763
180,893,764
181,897,765
182,901,767
183,905,769
184,909,771
185,913,772
186,917,773
187,921,773
188,925,772
189,929,772
190,933,772
191,937,771
192,941,770
193,945,769
194,949,769
195,953,769
196,957,769
197,961,769
198,965,769
199,969,769
200,973,769
201,977,769
202,981,768
203,985,767
204,989,766
205,993,765
206,997,764
207,1001,762
208,1005,760
209,1010,758
210,1015,756
211,1026,750
212,1036,745
213,1046,740
214,1057,736
215,1069,731
216,1081,729
217,1093,727
218,1105,725
219,1117,723
220,1122,722
221,1126,721
222,1130,720
223,1134,719
224,1138,718
225,1142,717
226,1146,716
227,1150,715
228,1154,714
229,1158,713
230,1162,712
231,1167,710
232,1172,708
233,1177,706
234,1182,704
235,1187,702
236,1192,700
237,1197,698
238,1201,697
239,1205,696
240,1209,695
241,1213,694
242,1217,693
243,1221,692
244,1225,691
245,1230,690
246,1235,689
247,1240,687
248,1246,684
249,1251,681
250,1256,678
251,1271,670
252,1286,662
253,1302,657
254,1302,657
255,1302,657
256,1302,657
257,1302,657
258,1302,657
259,1302,657
260,1302,657
261,1302,657
262,1302,657
263,1302,657
264,1302,657
265,1294,650
266,1286,643
267,1277,635
268,1268,624
269,1259,613
270,1248,604
271,1237,595
272,1226,587
273,1215,579
274,1205,572
275,1195,565
276,1185,558
277,1174,550
278,1165,542
279,1156,534
280,1145,526
281,1135,519
282,1125,513
283,1115,507
284,1106,502
285,1097,497
286,1088,492
287,1079,487
288,1068,481
289,1056,474
290,1044,467
291,1030,459
292,1017,450
293,1004,441
294,991,432
295,991,432
296,991,432
297,991,432
298,991,432
299,991,432
300,991,432
301,991,432
302,991,432
303,991,432
304,991,432
305,991,432
306,991,432
307,991,432
308,991,432
309,991,432
310,999,430
311,1007,427
312,1015,424
313,1024,421
314,1033,418
315,1042,415
316,1051,412
317,1060,409
318,1069,406
319,1079,401
320,1089,396
321,1099,391
322,1109,386
323,1119,382
324,1129,379
325,1139,376
326,1152,371
327,1165,366
328,1178,361
329,1191,354
330,1204,347
331,1217,340
332,1228,333
333,1240,325
334,1252,317
335,1264,311
336,1264,311
337,1255,317
338,1246,322
339,1237,327
340,1228,332
341,1219,337
342,1210,342
343,1200,347
344,1190,352
345,1178,358
346,1165,363
347,1152,368
348,1152,368
349,1152,368
350,1152,368
351,1152,368
352,1152,368
353,1152,368
354,1152,368
355,1152,368
356,1152,368
357,1152,368
358,1152,368
359,1152,368
360,1152,368
361,1152,368
362,1152,368
363,1152,368
364,1152,368
365,1152,368
366,1152,368
367,1152,368
368,1152,368
369,1152,368
370,1152,368
371,1152,368
372,1152,368
373,1152,368
374,1152,368
375,1162,369
376,1171,371
377,1180,373
378,1189,375
379,1198,377
380,1207,379
381,1216,381
382,1225,383
383,1234,385
384,1243,387
385,1252,389
386,1261,391
387,1270,393
388,1279,395
389,1282,395
390,1285,395
391,1288,395
392,1294,394
393,1300,393
394,1308,394
395,1316,395
396,1326,396
397,1336,397
398,1336,397
399,1336,397
400,1336,397
401,1336,397
402,1336,397
403,1336,397
404,1336,397
405,1336,397
406,1336,397
407,1336,397
408,1336,397
409,1334,398
410,1332,399
411,1330,400
412,1330,400
413,1330,400
414,1330,400
415,1330,400
416,1327,399
417,1324,398
418,1321,397
419,1318,396
420,1315,395
421,1312,394
422,1309,393
423,1306,392
424,1303,391
425,1300,390
426,1297,389
427,1294,388
428,1291,387
429,1288,386
430,1285,385
431,1282,384
432,1279,383
433,1276,382
434,1273,381
435,1270,380
436,1267,379
437,1264,378
438,1261,377
439,1258,376
440,1255,375
441,1252,374
442,1249,373
443,1246,372
444,1243,371
445,1240,370
446,1237,369
447,1234,368
448,1231,367
449,1228,366
450,1225,365
451,1222,364
452,1219,363
453,1216,362
454,1213,361
455,1210,360
456,1207,359
457,1204,358
458,1201,357
459,1198,356
460,1195,355
461,1192,354
462,1189,353
463,1186,352
464,1183,351
465,1180,350
466,1177,349
467,1174,348
468,1171,347
469,1168,347
470,1165,347
471,1162,347
472,1159,347
473,1156,347
474,1153,347
475,1150,347
476,1147,347
477,1144,347
478,1141,347
479,1138,347
480,1135,347
481,1132,347
482,1129,347
483,1126,346
484,1123,345
485,1120,344
486,1117,343
487,1114,342
488,1111,341
489,1108,340
490,1105,339
491,1102,338
492,1099,337
493,1096,336
494,1093,335
495,1090,334
496,1087,333
497,1084,332
498,1081,331
499,1078,330
500,1075,329
501,1072,328
502,1069,327
503,1066,326
504,1063,325
505,1060,324
506,1057,323
507,1054,322
508,1051,321
509,1048,320
510,1045,319
511,1042,318
512,1039,317
513,1036,316
514,1033,315
515,1030,314
516,1027,313
517,1024,312
518,1021,311
519,1018,311
520,1015,310
521,1012,309
522,1009,308
523,1006,307
524,1003,306
525,1000,305
526,997,304
527,994,303
528,991,302
529,988,301
530,985,300
531,982,299
532,979,298
533,976,297
534,973,296
535,970,295
536,967,294
537,964,293
538,961,292
539,958,291
540,955,290
541,952,289
542,949,288
543,946,287
544,943,286
545,940,285
546,935,285
547,930,285
548,925,285
549,920,285
550,915,285
551,909,285
552,903,285
553,897,285
554,891,285
555,885,285
556,880,285
557,875,285
558,870,285
559,865,285
560,860,285
561,855,285
562,849,285
563,843,285
564,837,285
565,831,285
566,825,285
567,819,285
568,813,285
569,807,285
570,801,285
571,795,285
572,788,285
573,788,285
574,788,285
575,781,285
576,774,285
577,767,285
578,760,285
579,752,285
580,745,285
581,738,285
582,732,285
583,726,285
584,720,285
585,714,285
586,708,285
587,702,285
588,696,285
589,690,285
590,684,285
591,678,285
592,672,285
593,666,285
594,660,285
595,654,285
596,648,285
597,642,285
598,636,285
599,630,285
600,630,285
601,630,285
602,623,285
603,623,285
604,623,285
605,623,285
606,623,285
607,623,285
608,623,285
609,608,287
610,593,289
611,593,289
612,593,289
613,593,289
614,593,289
615,593,289
616,593,289
617,593,289
618,593,289
619,593,289
620,593,289
621,593,289
622,593,289
623,593,289
624,593,289
625,593,289
626,593,289
627,593,289
628,593,294
629,593,299
630,593,304
631,593,309
632,594,315
633,599,332
634,604,349
635,605,361
636,605,366
637,605,371
638,605,376
639,605,381
640,605,386
641,605,391
642,605,396
643,605,401
644,605,406
645,604,411
646,603,416
647,602,421
648,601,426
649,600,431
650,598,435
651,596,439
652,593,441
653,590,443
654,587,445
655,584,447
656,581,449
657,578,451
658,575,453
659,572,455
660,569,457
661,566,459
662,563,461
663,560,463
664,557,465
665,554,467
666,551,469
667,549,473
668,547,477
669,547,482
670,547,487
671,547,492
672,547,497
673,547,502
674,547,507
675,547,512
676,547,517
677,547,522
678,547,527
679,546,532
680,544,536
681,542,540
682,540,544
683,538,548
684,536,552
685,534,556
686,533,560
687,532,564
688,532,569
689,533,575
690,534,581
691,535,587
692,537,593
693,541,600
694,545,607
695,549,614
696,556,622
697,568,632
698,580,642
699,588,651
700,594,659
701,600,667
702,608,675
703,614,683
704,620,691
705,632,701
706,632,701
707,632,701
708,632,701
709,632,701
710,632,701
